101.25149
39.36213
37.07809
87.321434
60.850784
62.58269
64.86757
47.248817
30.237658
27.835127
20.614353
58.850468
35.341362
43.306274
43.716213
49.433746
25.092348
28.79918
27.62485
37.581734
62.39697
22.241926
22.101355
60.393562
38.28463
65.03242
12.138821
13.347626
51.411736
36.876503
58.80312
71.0325
7.8125863
64.44611
49.985268
45.44053
35.537502
57.62325
58.81704
56.834644
34.122906
64.09375
51.76542
43.716908
26.512423
33.286915
18.164719
15.297775
59.050903
59.389763
46.734165
26.41178
63.68899
71.67337
71.61783
27.714062
41.785553
27.631227
29.237822
24.205257
39.458397
46.240425
34.83908
20.940668
21.660145
78.546906
53.517376
55.962097
43.088364
37.951984
48.20757
22.261854
22.721434
31.356142
23.898521
34.122906
32.19709
49.935093
39.37525
21.036436
33.453163
79.75872
34.646095
81.02204
41.785553
30.237658
85.87981
40.477184
60.586163
52.410107
58.62767
35.491238
67.37755
14.298646
27.543106
25.108957
38.36595
79.47684
21.58348
44.709503
17.024672
48.21791
5.4384685
47.8289
55.75675
36.432205
50.95058
44.922047
37.81259
30.93447
75.549934
15.016368
21.449873
23.304338
36.523266
17.53479
16.058413
42.16339
23.404577
30.315435
36.0259
34.91398
47.888233
28.96904
43.460407
67.02867
72.092514
46.094894
54.263966
16.966866
19.937462
48.710594
23.538933
38.838062
84.21288
80.666824
60.53822
45.94526
44.539608
25.295103
31.515537
37.903027
28.878447
39.539074
32.52178
42.260574
42.62432
30.395765
20.754679
35.41764
54.529068
28.626802
33.329697
28.176214
54.64784
45.124428
54.320824
19.89433
22.263687
48.062656
28.35817
58.98427
18.705526
55.67141
42.957703
42.395576
70.6021
38.433327
49.19773
3.260488
33.903282
56.99034
29.908043
58.80312
50.9423
32.932228
66.05284
20.722593
30.940968
52.252377
36.693253
39.950203
28.35817
52.61563
46.264713
60.218422
63.81356
24.58325
85.37981
30.802883
36.606873
25.86315
12.091609
44.48629
34.849045
21.385836
41.647087
17.771652
52.922585
12.181269
15.425496
27.543106
68.313934
48.248875
27.671848
23.216213
43.99802
17.174732
42.910866
22.960037
29.848236
25.74989
56.690643
36.62441
27.37653
55.546696
53.127193
42.643257
25.74989
37.99875
38.73128
82.91584
32.61981
22.483652
25.295103
48.062656
20.49804
33.2247
42.419575
38.159775
59.755295
51.76542
21.084053
45.14457
42.626263
38.353275
27.46092
48.355717
30.794455
46.06376
48.91988
11.130547
21.036436
29.848236
42.931618
38.15741
38.450447
22.322584
33.095028
48.505196
38.40821
10.359754
37.42811
40.675465
23.927986
21.457933
26.279455
35.621094
39.85189
47.03446
59.027485
45.43617
27.789602
22.38579
31.026804
17.53479
64.89424
37.992702
46.392715
55.955288
9.081036
72.5438
10.428414
76.10164
47.104443
50.69532
23.233686
26.279455
61.25984
32.72675
45.443718
51.76413
53.44197
36.899796
27.631227
29.998075
55.67141
22.028414
44.678444
30.84021
55.72478
67.85414
38.159775
20.764967
41.20611
43.277348
49.425583
32.723034
35.291634
81.23247
10.359754
64.89424
45.442707
32.34937
56.63458
25.344656
37.42811
10.428414
46.96798
39.278076
52.65056
33.526695
27.861559
53.07625
18.288673
43.410957
54.884792
56.44788
32.19709
56.65888
45.14457
33.543686
73.07067
19.036064
14.70585
37.460476
35.39603
21.660145
49.762363
21.534176
56.54778
47.38366
36.544624
44.251884
31.723972
33.095028
39.690746
38.15054
38.755035
18.152306
49.283775
24.849937
14.149006
22.483652
34.338764
63.59291
39.81432
11.33866
61.76908
44.539608
37.431873
83.60355
53.517376
39.24329
31.723972
35.35299
27.62485
32.437664
59.44841
25.557617
48.710594
44.342243
41.66228
22.322584
25.276371
44.788643
32.437664
16.752398
20.22721
44.29353
38.232685
33.73625
38.655415
67.75474
29.908043
24.373013
52.325462
45.63072
51.801273
41.002205
39.05282
11.130547
25.63233
80.31535
56.386154
62.50059
45.24182
47.03615
58.770466
76.45031
40.174454
25.731201
39.3566
27.535944
10.608341
66.10745
49.648
46.76901
46.857086
35.549152
25.449036
28.859167
26.378166
20.722593
62.85216
65.67082
45.1223
32.48529
25.747387
27.789602
75.445755
28.626802
78.2681
47.55653
63.682503
49.902607
14.892001
25.322628
20.374128
34.829945
44.788643
36.806488
9.622584
23.710218
12.359682
26.454172
19.036064
18.212454
41.8886
32.97392
55.183655
87.4353
17.88882
34.976246
30.21412
33.206215
41.643536
39.861824
34.829945
43.071003
48.526115
45.443718
46.857086
41.78708
26.454172
36.17219
60.021725
32.083416
26.41178
17.540049
27.030447
58.607487
50.419308
56.554295
30.794455
37.93721
76.378494
35.357834
68.07292
35.825546
43.10485
43.716213
28.180592
27.0625
46.841393
44.251884
31.017063
30.390572
23.619604
82.22561
40.174454
30.189327
29.409435
65.03242
18.152306
58.580082
40.873215
45.056835
84.02712
36.876503
25.557617
32.57448
71.01253
39.223877
52.79031
16.334444
33.329697
46.06376
32.57448
10.76744
29.478373
48.196407
17.418842
66.93846
41.122818
44.678444
41.323116
32.723034
33.39018
27.671848
38.286057
46.52133
17.62977
24.179417
34.42608
7.995277
37.443615
56.999905
7.995277
47.216526
69.82706
20.22721
34.338764
22.241926
9.577529
25.795624
53.128914
69.55646
21.296219
48.42434
17.540049
61.34686
55.075233
27.528954
56.25651
64.422424
37.838795
21.625137
53.33829
44.709503
23.609694
39.81432
13.6993265
43.448357
62.730484
40.235245
55.75675
26.847727
33.595634
29.918856
13.347626
40.732037
28.978203
11.124558
36.17219
33.576183
17.746119
73.014404
56.33025
43.77817
47.8289
23.740072
18.393005
39.962524
23.472347
47.392117
66.282715
40.477184
44.269806
53.51144
22.101355
43.816658
18.164719
18.132517
76.030624
16.397768
31.543789
28.447773
39.760662
32.646484
10.299113
37.04422
36.199
18.961792
7.6866593
18.705526
25.795624
36.976795
25.486944
55.08851
33.39018
9.171368
38.529892
13.420412
14.107767
32.646484
17.174732
60.982597
31.104717
35.68633
58.49234
48.55376
34.849045
43.17722
34.53015
22.746515
48.42434
63.55852
59.247128
16.89621
26.318993
25.568974
39.85189
26.128405
31.30736
54.319035
47.85857
22.263687
43.44228
47.655506
12.091609
40.732037
48.562637
48.758724
48.8797
18.393005
25.017853
37.10038
43.716908
40.1436
28.425468
16.492233
57.355064
46.902706
39.36213
53.575768
44.21939
43.369858
21.78155
32.185024
64.93513
21.625137
21.83267
92.50584
28.328674
32.932228
47.55653
55.57747
19.394117
71.18035
47.061054
35.095856
12.276247
43.77817
44.28353
64.99663
15.516288
64.917366
32.776283
55.57747
20.549612
49.004204
34.42608
23.809263
43.99802
16.966866
38.10739
61.877777
34.241512
17.965672
45.960747
23.927986
58.77382
37.903027
41.492195
37.14593
17.771652
35.537502
53.33829
18.471987
38.36595
31.636078
47.12736
7.8125863
60.31324
37.159363
20.49804
61.416355
33.377483
44.138203
71.01981
19.89433
39.054214
72.703545
22.41003
25.57412
39.962524
21.655552
36.631233
43.088364
30.13649
15.331545
38.846127
29.1747
13.240087
33.242416
14.107767
13.778454
23.619604
57.881687
39.347065
65.657524
23.809263
28.099327
28.978203
23.785322
9.171368
24.972273
69.090385
18.461346
80.254105
48.91988
20.754679
50.08893
56.4246
17.62977
14.892001
25.57412
55.46289
62.002018
42.40805
39.164112
86.13339
39.606464
36.523266
49.01845
67.91534
12.674725
42.630093
18.812176
39.24329
23.538933
32.59702
63.68899
21.084053
49.732037
41.796974
32.638958
12.181269
12.276247
47.401512
33.502476
44.99645
72.568085
24.373013
24.177212
66.045654
32.97392
39.0924
42.566658
51.830837
24.68267
25.019636
34.723717
51.85804
35.932957
57.551765
45.124428
49.935093
49.932816
51.594475
32.491444
25.304844
33.2247
44.64658
42.910866
41.891483
38.83849
38.286057
81.817245
57.898735
41.850018
23.233686
35.948708
81.01884
34.584118
52.30603
47.145805
56.59289
39.517597
25.747387
36.606873
37.422142
16.334444
39.054214
41.583107
35.365746
40.88366
20.795567
20.549612
70.74012
56.59289
48.43567
68.82177
24.58325
54.15698
26.739908
27.887732
78.354706
20.688072
67.5244
7.794273
25.108957
54.16269
18.3134
67.70018
44.964092
39.09896
22.259418
61.673378
18.471987
13.6993265
46.420956
45.920742
23.837992
39.37525
42.643257
52.318058
44.99645
81.13831
37.492447
31.27667
42.626263
43.306274
42.40144
28.425468
22.028414
18.3134
44.28353
58.62767
97.48532
41.796974
42.40805
10.76744
16.397768
18.212454
46.264713
20.614353
22.045828
68.07292
69.76548
67.98695
24.205257
25.449036
14.70585
97.17338
23.216213
26.462831
49.731186
49.356388
24.848164
37.443615
65.48446
55.546696
44.867447
58.724613
24.060053
27.887732
20.764967
33.331314
59.34785
32.083416
27.841808
44.138203
33.875942
44.342243
21.457933
85.10963
23.785322
32.390068
12.359682
47.11428
32.72675
37.79786
31.136246
24.177212
67.02867
60.649944
36.976795
38.312946
46.996002
21.534176
87.33374
45.40276
55.124046
64.22201
66.560936
53.420048
65.26172
33.502476
53.211285
20.795567
47.392117
64.09375
22.746515
16.492233
35.68633
29.478373
45.45537
39.05282
24.97464
44.964092
63.682503
24.972273
9.081036
72.18169
52.52151
40.425644
36.809486
39.631844
23.500177
49.356388
16.058413
72.22174
53.18653
47.988033
40.956646
21.83267
46.476276
21.78155
48.566063
49.01373
39.3723
27.030447
39.606464
17.63743
30.390572
91.719925
45.778915
28.96904
43.638767
73.71853
49.695385
76.43848
23.821512
47.104443
54.202824
51.347565
12.674725
9.577529
15.297775
22.38579
55.124046
48.73752
33.73625
65.66256
37.07809
7.794273
25.528337
36.98457
95.05733
73.619125
30.940968
15.425496
48.645264
41.78708
18.132517
37.68166
20.688072
22.259418
33.903282
29.282915
43.448357
17.418842
49.433746
26.911673
64.17987
39.0924
34.241512
42.419575
9.386297
33.377483
56.42527
3.260488
17.746119
50.219837
93.26266
45.63072
46.902706
58.580082
30.409885
33.576183
17.024672
19.937462
27.233864
31.242126
26.911673
36.544624
41.323116
25.092348
58.98427
46.330875
59.247128
11.124558
33.543686
65.24435
73.65053
68.278564
49.32258
53.358284
23.710218
18.132149
45.21951
30.341202
26.44122
10.929408
36.145725
31.082468
27.714062
9.386297
16.752398
25.86315
47.96077
31.455044
16.89621
43.410957
34.565617
29.282915
18.132149
28.878447
34.291435
40.788113
25.63233
29.924465
44.397152
42.260574
43.071003
43.402225
57.826416
62.730484
19.857262
26.225204
13.778454
44.460274
29.409435
44.027203
72.83021
53.125336
33.286915
44.425262
57.863148
59.308365
28.859167
10.929408
63.3471
40.217377
36.62441
10.196307
50.221706
9.622584
40.672695
10.608341
55.46289
29.035435
48.37877
18.961792
59.87442
68.891464
92.89961
27.37653
23.017548
47.145805
56.431236
71.61783
59.44841
47.90827
38.6747
61.11529
38.36457
28.805418
26.44122
25.568974
80.93291
10.299113
10.276532
60.39749
38.36457
62.52373
48.526115
82.86617
104.41182
39.57856
22.41003
37.72824
37.422142
32.59702
52.025314
23.898521
15.016368
31.017063
45.53639
24.73244
19.857262
64.62838
43.816658
14.042586
60.209244
18.812176
27.835127
26.739908
66.27921
24.68801
32.3832
19.394117
42.9428
39.539074
53.51144
63.54329
32.52178
31.30736
32.598045
46.996117
38.28463
22.712202
46.034332
34.87186
55.73097
18.461346
46.461475
21.449873
11.33866
47.07942
21.655552
49.63045
38.232685
27.861559
46.461475
26.462831
43.09188
34.11341
65.26172
45.585083
23.740072
23.837992
70.43567
34.291435
23.500177
39.09896
67.51632
51.85804
36.941433
47.21164
56.834694
17.633406
17.633406
30.409885
34.91398
44.397152
47.96077
40.88366
24.060053
44.74539
28.165215
47.21164
28.099327
50.973927
47.847576
15.331545
49.834892
39.20338
61.6085
55.706844
50.070705
77.50706
5.4384685
52.911694
25.428059
25.486944
79.65151
60.39749
69.57041
26.534641
48.37877
26.378166
22.721434
43.382698
46.503834
40.672695
26.318993
32.390068
59.45129
37.79786
32.776283
54.949924
28.180592
25.344656
13.240087
25.017853
24.496986
32.454277
16.161821
30.395765
24.849937
85.77352
32.462734
32.454277
16.161821
30.93447
44.48629
12.138821
30.341202
52.641014
7.6866593
51.31093
34.595905
75.179054
33.453163
21.296219
62.58269
42.931618
79.3898
91.79382
49.932816
35.621094
36.432205
59.740402
36.520695
47.11428
23.60246
35.095856
45.920742
55.72478
60.337303
44.23191
46.841393
43.14673
38.027958
32.491444
61.76908
49.01373
17.965672
36.033916
21.385836
21.58348
54.430046
51.169907
59.686115
36.899796
59.09603
31.209448
63.746628
34.53015
14.042586
25.276371
50.59586
43.17722
39.85188
66.27134
21.429426
39.157593
