0.386477, -0.16978332, -0.90653694
-0.42022544, 0.90343374, 0.0849592
-0.9711841, 0.22199883, 0.08670656
0.0, 0.0, -1.0
-0.43321905, 0.8972866, 0.08484187
0.0, 0.0, -1.0
0.0, 0.0, -1.0
0.21459964, 0.97297907, 0.08519813
0.9951421, -0.050360993, 0.084593244
-0.58442867, -0.8071583, 0.0832986
-0.5617228, -0.8229451, 0.08502218
0.9953927, -0.042646162, 0.085875645
0.9704263, 0.24125853, -0.008190837
0.20844385, -0.97722536, 0.03977062
0.009042595, -0.003371685, 0.9999534
-0.58262515, -0.8083039, 0.08481029
-0.69822496, -0.71076703, 0.08539435
0.0037883804, 3.194411E-4, -0.9999928
-0.59517354, -0.80302095, -0.030423956
0.32565466, -0.9451824, 0.02407163
0.0, 0.0, -1.0
0.4339832, -0.89679086, 0.08616712
-0.99110764, 0.1016082, 0.085914515
-0.7323892, 0.6717455, 0.11119369
-0.57864535, -0.81127065, 0.08372278
0.00125199, 0.006961501, -0.99997497
0.0, 0.0, -1.0
-0.97840416, -0.18721454, 0.087612934
0.0, 0.0, 1.0
0.97524524, -0.21018536, -0.068693504
0.0, 0.0, -1.0
0.0, 0.0, -1.0
0.0, 0.0, -1.0
0.0, 0.0, 1.0
0.19993119, -0.9791715, 0.03536528
1.3481705E-4, -0.009743021, -0.99995255
-0.7342946, 0.67349356, 0.08495885
0.0, 0.0, -1.0
-0.9212352, 0.37624887, 0.09880458
0.0, 0.0, 1.0
0.0, 0.0, -1.0
0.0, 0.0, -1.0
0.0, 0.0, 1.0
0.9679589, -0.23630181, 0.0849526
-0.043704078, 0.9806325, -0.1909183
-0.2344108, 0.96843874, 0.08472296
-0.99596286, 0.028983174, 0.084958084
-0.02394091, 2.1203743E-5, -0.99971336
0.0, 0.0, -1.0
0.89556634, -0.43668658, 0.085239716
0.20116176, 0.9531778, -0.22580096
-0.77965, -0.6204257, 0.08495812
0.0, 0.0, -1.0
0.0, 0.0, 1.0
-0.94594926, 0.021193514, 0.32362148
0.0, 0.0, -1.0
-0.93797266, 0.33607975, 0.08519213
-0.60339016, -0.7926611, 0.08722843
0.5027406, 0.741303, 0.44465914
-0.7150528, -0.69405776, 0.083566375
-0.7384818, -0.6686852, 0.086629905
-0.5753388, -0.8135942, 0.08396269
-0.81274617, -0.5761911, 0.08629832
0.8519307, -0.51538724, 0.09268208
0.0, 0.0, 1.0
0.0, 0.0, 1.0
-0.9959629, 0.028982906, 0.08495788
-0.55853075, -0.7544663, 0.3447086
0.0, 0.0, -1.0
-0.7794146, -0.6207159, 0.08499769
0.31912866, -0.94683605, -0.04072359
0.62220186, 0.7779361, 0.08763656
-0.7792795, -0.62088245, 0.085020125
0.88870084, 0.45045835, 0.08542903
-0.7570647, -0.6475585, 0.086724415
-0.009703593, -0.0033081865, -0.9999474
0.9536134, 0.2886553, 0.08543832
0.6013454, -0.77750313, 0.18404518
0.9678679, -0.23667477, 0.084951624
0.999301, -0.0022308356, -0.037316114
-0.73161, 0.6710337, 0.120252274
0.0, 0.0, 1.0
0.6544824, 0.7515686, 0.082446
0.020871578, -0.6768426, 0.73583186
-0.9827461, 0.16423887, 0.0850624
0.9536134, 0.2886553, 0.08543832
0.64628977, -0.7630768, -0.004838056
0.0, 0.0, -1.0
-0.1554701, -0.98777735, -0.011180169
-0.987257, 0.027437449, 0.15675087
-0.4289245, 0.89030117, 0.15293027
0.9770865, -0.19483353, 0.08568551
0.0, 0.0, -1.0
0.004778766, 0.023342075, -0.9997161
-0.53471524, -0.8406072, 0.08636661
-0.5643098, -0.8211495, 0.085252024
-0.99596286, 0.02898301, 0.08495809
0.0, 0.0, 1.0
0.0, 0.0, -1.0
-0.8004895, 0.5924939, 0.09037491
0.2798554, -0.9479872, 0.15166165
0.9663962, -0.24068548, 0.0902709
-0.42022625, 0.9034333, 0.08495875
-0.4202246, 0.90343434, 0.08495699
0.0, 0.0, -1.0
0.0, 0.0, -1.0
-0.9984151, 0.026332904, -0.049738716
0.3763528, -0.9240244, 0.0673606
0.21260647, -0.059624854, 0.975317
0.49371433, -0.8107749, 0.3144683
0.6051342, 0.7614798, 0.23229536
0.8398444, 0.5344015, 0.095269695
-0.024819098, 0.99946105, 0.021485377
0.00354068, 0.013557257, 0.99990183
-0.42022416, 0.9034344, 0.08495831
0.8746634, -0.47422233, 0.100385085
0.0, 0.0, -1.0
-0.985462, 0.027525162, 0.16765147
-0.45924804, -0.87777114, 0.13641478
0.0, 0.0, -1.0
-0.42022455, 0.9034343, 0.084957846
0.0, 0.0, 1.0
-0.4202236, 0.9034347, 0.08495787
-0.19382346, 0.97948503, -0.055150773
0.98344547, -0.15906252, 0.08679884
-0.42022365, 0.9034347, 0.084958345
0.5028333, -0.59050566, 0.6312383
0.9232726, -0.37424472, 0.08665218
-0.0077578654, -0.06441852, 0.9978928
0.00923511, 0.0102500655, -0.9999048
0.0, 0.0, 1.0
0.10406895, -0.6885487, 0.71768403
-0.9273742, 0.021490334, 0.3735174
0.2808856, -0.9559589, 0.08512193
0.0, 0.0, -1.0
0.0, 0.0, 1.0
0.9293278, -0.369164, 0.008230286
-0.011938438, 0.996277, 0.085379586
-0.5745837, -0.8140116, 0.08508083
-0.29423892, -0.9519343, 0.08511485
-0.9959589, 0.029127007, 0.08495545
-0.42503604, 0.90109575, 0.085853666
0.60213983, 0.78499097, 0.1456599
0.0, 0.0, -1.0
-0.034568977, 0.9759355, -0.21530156
0.22446199, 0.9706584, 0.086250216
-0.99830234, 0.05086602, 0.028374776
0.0, 0.0, -1.0
-0.77965, -0.62042564, 0.08495817
-0.58159786, -0.80676776, 0.10425761
0.85415107, -0.51303834, 0.08495633
-0.7384818, -0.6686852, 0.086629905
-0.99215853, 0.09066319, 0.0860318
-0.99110764, 0.1016082, 0.085914515
0.85071516, -0.5187157, 0.08495763
0.0, 0.0, 1.0
-0.99596286, 0.028982848, 0.08495791
-0.5186423, -0.8508031, 0.084523246
-0.9479915, 0.30589852, 0.08796672
0.0, 0.0, -1.0
-0.055628136, 0.9948102, 0.08519423
0.0, 0.0, -1.0
0.0, 0.0, -1.0
-0.9599376, 0.2664524, 0.08673523
0.2586086, 0.96228683, 0.084413156
0.81311417, -0.57513386, 0.08981343
0.5380783, -0.40531147, -0.7390496
-0.42022502, 0.9034341, 0.08495756
0.0, 0.0, 1.0
-0.98489106, 0.027576951, 0.17096496
0.44036916, -0.07614815, -0.8945817
-0.3191045, -0.93799454, 0.13541956
0.0, 0.0, 1.0
0.0, 0.0, -1.0
-0.73429483, 0.6734933, 0.08495784
-0.99553, -0.03975478, 0.085671194
0.22035232, 0.94022673, 0.25965092
-0.3039434, -0.94884664, 0.08548957
0.0, 0.0, -1.0
0.79946476, 0.47710276, 0.36500546
-0.38621607, 0.9224082, 3.6839774E-4
-0.6707497, -0.7364489, 0.08796509
0.07989901, 0.9931501, 0.08525826
-0.763975, -0.6213915, 0.17382382
0.0, 0.0, 1.0
-0.30788058, -0.9475736, 0.08552119
0.0, 0.0, -1.0
-0.91319615, -0.397704, 0.08890659
0.17089562, -0.98161954, 0.08495771
0.0, 0.0, -1.0
0.5966114, 0.79802066, 0.08495842
0.0, 0.0, 1.0
0.020634836, 0.99940157, 0.027761865
0.017179651, 0.023308022, -0.99958074
0.59661144, 0.7980207, 0.08495762
-0.7917824, -0.6046299, 0.08662264
-0.05842871, 0.99467635, 0.084882945
-0.99215853, 0.09066319, 0.0860318
-0.732231, 0.67160076, 0.11309304
-0.749406, -0.65609694, 0.08903655
-0.05896141, 0.098239146, -0.9934146
-0.67336553, -0.73412293, 0.08742041
0.0, 0.0, 1.0
0.17089543, -0.9816195, 0.08495845
0.0, 0.0, -1.0
-0.018972134, 0.9961951, 0.085060984
0.0, 0.0, -1.0
-0.99596286, 0.02898284, 0.0849579
0.0, 0.0, 1.0
-0.7659474, -0.6368002, 0.088374116
0.06425711, 0.9511569, -0.30194628
0.86352974, -0.36753252, 0.3453061
-0.4202265, 0.9034331, 0.0849604
0.9619527, -0.26037663, -0.08277179
-0.043704078, 0.9806325, -0.1909183
-0.91477954, 0.39458528, 0.0864919
0.021274803, -0.010337388, 0.9997202
-0.7342948, 0.6734933, 0.08495801
0.9656911, -0.21936972, 0.13898808
0.00923511, 0.0102500655, -0.9999048
0.9400964, -0.31278607, 0.1355864
0.0, 0.0, -1.0
0.84356904, -0.5291751, 0.0914605
0.8827738, -0.469781, 0.0040145894
-0.29423892, -0.9519343, 0.08511485
0.0, 0.0, -1.0
0.6321061, 0.77026194, 0.08448982
-0.24002877, -0.96691996, 0.08632508
0.11018439, -0.9902486, 0.08524677
0.9430308, -0.31742176, 0.09968181
-0.1023678, -0.99110514, 0.085037924
0.0, 0.0, 1.0
0.0, 0.0, -1.0
0.8679256, -0.48812723, 0.09185364
0.0, 0.0, 1.0
-0.5618574, -0.8228512, 0.08504227
-0.9959589, 0.029127007, 0.08495545
0.065434314, 0.9922923, 0.10523497
0.85035497, -0.5184967, 0.08976445
0.32701173, 0.4118966, 0.8505319
-0.68713385, -0.60239387, 0.40616354
0.88870084, 0.45045835, 0.08542903
0.999301, -0.0022308356, -0.037316114
-0.11022111, 0.9578946, -0.26512104
0.9771835, 0.17161497, 0.12514275
-0.8971596, 0.43345907, 0.08495826
-0.17139496, 0.9707181, -0.16831549
0.28592318, -0.9544602, 0.085168414
0.20426, -0.9775557, 0.051601972
-0.023837974, 2.7211761E-5, -0.99971586
-0.7611507, -0.6427312, 0.08686907
0.2133894, 0.96835345, -0.1294475
-0.73429453, 0.6734934, 0.08495903
0.0, 0.0, -1.0
0.07724767, 0.77528805, 0.62686616
0.0, 0.0, -1.0
0.0, 0.0, 1.0
-0.372736, -0.92251295, -0.10018902
-0.99557406, 0.040276263, 0.08491248
0.0, 0.0, -1.0
0.9686782, -0.23334326, 0.08493205
-0.020390872, 0.006763816, -0.9997692
0.0, 0.0, 1.0
-0.5893256, -0.8036276, 0.082933925
0.008466097, 0.8438684, -0.53648335
0.8543935, -0.5116214, 0.09085818
0.22060029, 0.9716287, 0.0852831
0.84909153, -0.52007824, 0.09253216
0.0, 0.0, -1.0
-0.9919319, 0.09050611, 0.08876753
0.61223596, 0.78589296, 0.086829536
0.8733762, -0.47945765, 0.085641615
0.102824256, -0.9909113, 0.086728126
0.00962159, -3.5866266E-4, -0.9999536
0.0, 0.0, 1.0
-0.99596286, 0.028983003, 0.08495807
-0.81928986, -0.5667638, 0.08684937
0.0, 0.0, 1.0
-0.9877753, 0.12804803, 0.08890274
-0.7794146, -0.6207159, 0.08499769
-0.4202245, 0.90343416, 0.084958814
0.0, 0.0, 1.0
-0.99596286, 0.028982947, 0.084957965
-0.73429525, 0.67349297, 0.08495724
-0.5245301, -0.8469719, 0.086641006
0.021181311, 0.017469194, -0.999623
-0.9956113, -0.029315516, 0.08887388
0.08961452, 0.6639139, 0.74242
0.8995792, -0.41921297, -0.12254686
0.61812216, 0.78116417, 0.0877929
0.63895625, 0.76454026, 0.08493048
0.63821733, 0.7648442, 0.08770392
0.8657138, -0.4930625, 0.086192414
0.96604246, 0.24136496, 0.092222355
0.98799396, 0.12952541, 0.084209435
-0.98629874, 0.017590536, -0.16402832
0.59661067, 0.798021, 0.08495931
-0.99596286, 0.028982889, 0.08495821
0.96194845, -0.25624725, 0.09482855
0.0, 0.0, 1.0
0.2133894, 0.96835345, -0.1294475
-0.11234456, 0.9899555, 0.08582989
0.0, 0.0, 1.0
-0.06158835, 0.9739076, -0.21842809
-0.44229752, -0.79622585, 0.41279203
-0.94810426, -0.3055766, 0.08787057
-0.73429507, 0.673493, 0.08495756
0.102824256, -0.9909113, 0.086728126
0.0, 0.0, -1.0
-0.99596286, 0.02898301, 0.08495809
0.85071474, -0.5187161, 0.08495877
-0.77965, -0.6204257, 0.08495812
-0.73429507, 0.673493, 0.08495756
0.85071486, -0.518716, 0.08495814
-0.1592997, 0.97710544, 0.14102675
0.0, 0.0, -1.0
0.0, 0.0, -1.0
0.68153346, -0.73176795, -0.00526117
0.9536134, 0.2886553, 0.08543832
0.0, 0.0, -1.0
0.63156086, -0.77039963, 0.087266035
0.72841364, 0.6793582, 0.08880312
0.0, 0.0, 1.0
0.34083274, -0.94008553, 0.00850198
0.77390563, 0.62709486, 0.088443026
0.77042055, -0.63727695, -0.018171817
0.17260094, 0.7016317, 0.69131887
0.0, 0.0, 1.0
0.9855641, -0.1470482, 0.08390554
0.45480677, -0.88631004, 0.087208636
-0.9050254, -0.3469545, 0.24607234
-0.42026317, 0.9034165, 0.084956385
0.8657138, -0.4930625, 0.086192414
0.0, 0.0, 1.0
-0.017071163, 0.008547108, -0.99981767
0.3261457, -0.9275902, -0.18222363
0.00354068, 0.013557257, 0.99990183
-0.11198089, -0.99005485, 0.08515778
-0.28711605, -0.95415884, 0.084530205
0.0058080503, -0.015459923, -0.9998636
0.85071474, -0.51871616, 0.08495882
-0.5793421, -0.8106444, 0.08496062
-0.69822496, -0.71076703, 0.08539435
0.8800996, -0.4746443, 0.011726127
-0.7401684, -0.666556, 0.08862179
0.0074436916, -0.025017275, -0.99965924
0.0, 0.0, 1.0
0.95851755, 0.14747746, -0.2439152
0.38751367, 0.039805926, 0.9210042
-0.5828668, -0.80810815, 0.08501435
-0.7119577, -0.69741917, 0.081991754
0.59661204, 0.79802006, 0.08495946
-0.995963, 0.028983017, 0.084957786
0.6920705, -0.61469805, 0.37839773
-0.017071163, 0.008547108, -0.99981767
-0.7542128, -0.65090734, 0.08650237
-0.43942115, -0.89626914, 0.060089067
0.9030912, -0.12188623, 0.41178882
-0.5847847, -0.8104465, 0.03469127
-0.23245639, 0.96890527, 0.08477389
0.0, 0.0, 1.0
0.101959616, -0.99100256, 0.08670849
0.9652179, -0.22282846, 0.13675506
0.28592318, -0.9544602, 0.085168414
0.021181311, 0.017469194, -0.999623
0.0, 0.0, 1.0
0.9816696, -0.052329373, 0.18326609
0.005620393, 0.99628454, 0.08593921
-0.45924804, -0.87777114, 0.13641478
0.9687217, -0.23317145, 0.08490767
-0.6075348, -0.70978814, 0.3565139
-0.42022204, 0.9034354, 0.084957056
0.0, 0.0, -1.0
0.83074427, -0.55004597, 0.085517764
0.0, 0.0, 1.0
0.38026962, -0.85560554, 0.35118973
0.0, 0.0, 1.0
0.45007354, 0.8888651, 0.08574768
0.9792778, 0.14857966, 0.13761924
0.0, 0.0, -1.0
-0.9021303, 0.4039406, 0.15163422
0.9627351, 0.25688028, 0.0845793
0.53047764, -0.8434838, 0.08443044
0.0032494979, -0.0060380185, 0.9999764
0.5563179, 0.8265713, 0.08538322
-0.23873836, 0.506319, 0.8286405
0.0, 0.0, -1.0
-0.42022488, 0.90343416, 0.08495742
-0.42022344, 0.90343463, 0.08495906
0.0, 0.0, -1.0
0.8847505, 0.4306322, 0.17824832
-0.73466253, -0.6726358, 0.088498846
-0.591395, -0.8018128, 0.08572107
-0.42022625, 0.9034333, 0.08495875
-0.995963, 0.028982878, 0.084958
0.9517532, 0.29369095, 0.08894578
-0.42022404, 0.9034344, 0.08495881
-0.77964985, -0.62042594, 0.084958136
0.17089656, -0.9816193, 0.084957935
-0.76508033, -0.638137, 0.086216174
0.0, 0.0, -1.0
0.4170555, -0.8894811, 0.18678324
-0.99151355, 0.09753782, 0.08594869
-0.29423892, -0.9519343, 0.08511485
-0.42022333, 0.9034349, 0.08495713
0.0, 0.0, -1.0
0.9652179, -0.22282846, 0.13675506
-0.5643098, -0.8211495, 0.085252024
-0.77965003, -0.62042564, 0.08495812
0.0, 0.0, 1.0
-0.42022356, 0.9034347, 0.08495847
-0.7384818, -0.6686852, 0.086629905
-0.4177189, 0.9002775, -0.12252087
0.019373944, 0.9961562, 0.085425034
-0.42022413, 0.9034345, 0.08495823
-0.9901692, 0.108878665, 0.08780825
0.08419819, -0.99267066, 0.08669262
-0.42022613, 0.9034335, 0.08495811
0.8535097, -0.5140581, 0.08523731
0.0, 0.0, -1.0
0.0, 0.0, 1.0
0.85012925, -0.5184669, 0.09204489
0.0, 0.0, -1.0
-0.99596286, 0.028983217, 0.08495801
0.8756781, -0.47439855, 0.09018828
0.21476732, 0.679495, -0.7015423
0.34083274, -0.94008553, 0.00850198
0.96927565, -0.23052649, 0.08580345
-0.8245285, -0.55913997, 0.08669007
0.92766196, -0.35819697, 0.10553788
0.9596844, -0.26810327, 0.08441799
-0.14818323, 0.9889477, 0.004925669
0.8537334, -0.5137868, 0.08463057
0.0, 0.0, -1.0
0.86126244, -0.46675813, 0.20090754
-0.21517228, -0.97647786, 0.013851273
-0.9820089, 0.06135477, 0.17858942
-0.15498589, -0.9798843, 0.12572183
0.0, 0.0, -1.0
0.9599592, -0.08748683, 0.26612845
-0.7342992, 0.6734882, 0.08496129
-0.4202257, 0.9034336, 0.08495933
0.17089655, -0.98161936, 0.084957756
0.9679553, -0.23631498, 0.08495709
0.63442385, -0.43555722, -0.6385893
0.4026795, 0.014961743, -0.9152188
-0.5249318, -0.84166694, 0.12666287
0.28752312, -0.95398235, 0.085136116
-0.7796502, -0.6204256, 0.08495763
-0.20549996, -0.97483826, 0.08637204
0.2893886, 0.9390264, 0.18569766
-0.8688767, -0.4869826, 0.08888945
0.31807962, -0.9121008, -0.2586456
0.0, 0.0, -1.0
0.8503097, -0.51847, 0.09034557
0.30505165, -0.94897264, 0.07996494
0.0, 0.0, 1.0
0.0, 0.0, -1.0
0.020639824, 0.016982313, 0.9996427
0.668266, 0.739464, 0.08132445
0.9679642, -0.23628005, 0.08495309
0.0, 0.0, 1.0
0.4377262, 0.8950039, 0.08581208
0.0, 0.0, 1.0
0.0, 0.0, -1.0
0.009052811, 0.009459046, 0.9999143
-0.42022413, 0.9034345, 0.08495823
-0.5718882, -0.8121735, 0.115404226
0.0, 0.0, -1.0
0.0, 0.0, -1.0
0.8847505, 0.4306322, 0.17824832
-2.1216425E-4, 0.02223333, -0.99975276
0.023092277, -0.011294576, -0.99966955
0.0, 0.0, -1.0
0.0058080503, -0.015459923, -0.9998636
0.7559566, -0.64875335, 0.08745648
0.6777362, 0.7309097, 0.08027898
0.2811685, -0.95587623, 0.08511636
0.1669364, -0.9807097, 0.10168988
0.89311093, -0.44694912, -0.05088646
-0.2375904, 0.96764296, 0.08495779
0.06211498, 0.9974871, -0.03407498
0.0, 0.0, -1.0
-0.73429483, 0.67349327, 0.08495742
0.0039138165, 0.018097024, -0.9998286
0.008466097, 0.8438684, -0.53648335
-0.9921049, 0.09048025, 0.08684051
0.59661233, 0.7980198, 0.084959105
0.10434592, 0.9907716, 0.08650759
0.0, 0.0, -1.0
-0.77965015, -0.6204254, 0.08495834
0.59358406, 0.8047696, 0.0019543027
0.89556634, -0.43668658, 0.085239716
0.0, 0.0, 1.0
-0.023704745, 3.5924055E-5, -0.999719
0.86354876, -0.503759, -0.022590447
0.0, 0.0, -1.0
-0.995963, 0.028982881, 0.08495802
0.008172427, -0.005211548, -0.999953
0.0, 0.0, -1.0
-0.009573739, 0.009477641, 0.9999093
0.79946476, 0.47710276, 0.36500546
0.8535097, -0.5140581, 0.08523731
-0.3191045, -0.93799454, 0.13541956
0.22355384, -0.045186806, 0.9736436
-0.99595916, 0.029120501, 0.08495533
0.40976605, -0.83181345, 0.3744037
-0.76327586, -0.6403931, 0.085479096
-0.99595916, 0.029120501, 0.08495533
0.10243416, -0.99095273, 0.08671741
0.85166377, -0.51718044, 0.08481291
-0.10712257, -0.99059147, 0.08516619
-0.7401684, -0.666556, 0.08862179
0.63156086, -0.77039963, 0.087266035
0.85818446, -0.50616026, 0.08556403
-0.32021138, 0.7395069, -0.5921099
0.0, 0.0, -1.0
0.0, 0.0, -1.0
-0.9239392, -0.37220266, 0.088326305
0.0, 0.0, -1.0
-0.20549996, -0.97483826, 0.08637204
0.0, 0.0, -1.0
-0.7435591, -0.61800927, 0.2553123
-0.4202238, 0.9034347, 0.0849575
0.17825595, -0.9810019, 0.076551124
0.0, 0.0, -1.0
0.0, 0.0, -1.0
-0.558429, -0.8253187, 0.08370246
-0.99596286, 0.02898284, 0.08495807
-0.92937523, 0.3566404, 0.09523299
0.59763527, -0.79700345, 0.087278835
0.0, 0.0, 1.0
-0.5616885, -0.8229692, 0.08501668
-0.22830829, 0.9698716, 0.08499611
0.1733474, -0.9811932, 0.08491523
-0.9320678, 0.021368884, 0.3616531
0.0, 0.0, -1.0
0.25632104, 0.9628045, 0.085481144
-0.99595916, 0.029120501, 0.08495533
-0.3116175, -0.9463484, 0.08555242
-0.9623696, -0.25670615, 0.08914385
0.0, 0.0, 1.0
-0.23206966, -0.9687666, 0.087378345
-0.04624682, 0.7688966, -0.63769835
0.9322113, 0.35733175, -0.05741281
-0.9180783, 0.021896148, 0.39579394
0.78764105, -0.23708123, 0.56869495
-0.9115438, 0.40219805, 0.08558541
0.19264355, -0.9783146, -0.076086365
0.7102698, -0.70391643, 0.004301038
-0.42022464, 0.9034343, 0.08495717
-0.99595904, 0.02913826, 0.08495039
-0.99596286, 0.02898284, 0.0849579
0.009859625, 0.018200204, -0.9997858
0.0, 0.0, -1.0
0.0, 0.0, -1.0
-0.15075259, -0.98496246, 0.08439506
0.0, 0.0, -1.0
0.9488965, -0.3028954, 0.08859845
0.0088471575, 0.004394904, -0.9999512
-0.99110764, 0.1016082, 0.085914515
0.038446955, 0.9955619, 0.08589779
-0.99596286, 0.028983174, 0.084958084
0.004778766, 0.023342075, -0.9997161
0.9874829, 0.1360774, 0.07975248
0.59043247, 0.7472985, -0.30485153
-0.7487183, -0.6569954, 0.088192634
0.25632104, 0.9628045, 0.085481144
0.48875526, -0.866574, 0.100835
0.9556778, -0.1966099, 0.2191449
0.70746845, 0.70152175, 0.08576488
0.84567446, -0.5310662, -0.052947383
-0.30339736, 0.9483195, 0.09295168
0.6937516, -0.7158404, 0.079255775
-0.6795777, -0.72832775, 0.08782283
0.0, 0.0, -1.0
-0.32021138, 0.7395069, -0.5921099
0.7856556, 0.61122507, 0.09565081
0.0, 0.0, -1.0
0.032383535, 0.9977647, 0.058455154
0.0, 0.0, -1.0
0.0, 0.0, -1.0
-0.6795777, -0.72832775, 0.08782283
-0.071913145, 0.7723263, -0.63114244
0.004778766, 0.023342075, -0.9997161
0.915448, -0.18909794, 0.3552421
-0.99596286, 0.028983176, 0.08495809
0.0, 0.0, -1.0
-0.41330698, -0.90663654, 0.08477977
0.8507149, -0.5187158, 0.08495885
0.99641484, -0.023086976, 0.08139115
-0.9269464, 0.36282796, 0.09553208
0.59661245, 0.7980198, 0.084957846
0.0, 0.0, 1.0
0.39702109, -0.91497266, -0.07210621
-0.58217144, -0.80848765, 0.08616317
-0.7659474, -0.6368002, 0.088374116
0.2374842, 0.1623437, -0.9577295
0.16771938, -0.9858153, -0.0061989794
-0.30788058, -0.9475736, 0.08552119
-0.3116175, -0.9463484, 0.08555242
0.20840582, -0.97775733, 0.023613855
-0.99557406, 0.040276263, 0.08491248
-0.84029, -0.53523964, 0.08620483
-0.42022488, 0.90343416, 0.08495742
0.0, 0.0, 1.0
-0.991196, 0.099015966, 0.08789944
-0.9477957, 0.30642545, 0.08824246
-0.995963, 0.028982878, 0.084958
0.93882513, -0.26527104, -0.21963345
0.020634836, 0.99940157, 0.027761865
0.0, 0.0, 1.0
0.0, 0.0, 1.0
0.62343735, 0.63666034, -0.45386064
-0.050983578, -0.027109107, -0.9983315
-0.99596286, 0.02898284, 0.0849579
0.0, 0.0, -1.0
0.6209525, -0.7776295, 0.09854102
0.9679649, -0.2362765, 0.08495472
-0.732115, -0.67569005, 0.08631764
-0.76000625, -0.64418495, 0.08611783
-0.5771379, -0.81216735, 0.08541709
0.61223596, 0.78589296, 0.086829536
0.0, 0.0, -1.0
0.85071474, -0.51871616, 0.0849582
0.54270214, -0.8358828, 0.08230626
-0.92133164, 0.37908578, 0.08626731
0.9231492, -0.25669798, -0.2861847
0.6315436, -0.63629115, -0.4430421
-0.73466253, -0.6726358, 0.088498846
0.949901, -0.30059275, 0.08562701
-0.5618587, -0.822919, 0.08437436
0.85936606, 0.50354075, 0.08908802
0.0, 0.0, 1.0
-0.30788058, -0.9475736, 0.08552119
-0.9808813, -0.1720866, 0.09087407
-0.16109222, 0.98324573, 0.0853066
0.9940211, -0.0677309, 0.08564243
-0.97591865, -0.1998859, 0.087341085
0.9851441, 0.12798879, 0.114498906
0.8535097, -0.5140581, 0.08523731
0.065434314, 0.9922923, 0.10523497
0.0, 0.0, 1.0
0.0, 0.0, -1.0
-0.42022392, 0.90343463, 0.08495797
-0.033486445, 3.1076587E-4, 0.999439
-0.04624682, 0.7688966, -0.63769835
-5.905093E-4, 0.023434745, 0.9997252
0.0, 0.0, 1.0
0.97965944, 0.1823578, 0.08374417
0.9383239, -0.3338086, 0.09011146
0.0, 0.0, 1.0
0.22355382, -0.04518681, 0.9736436
0.9691101, -0.22736324, 0.09555948
0.0, 0.0, -1.0
0.00923511, 0.0102500655, -0.9999048
-0.63828737, 0.76479924, 0.08758607
-0.644076, 0.7601496, 0.08566646
0.0, 0.0, 1.0
0.61812216, 0.78116417, 0.0877929
-0.85064226, -0.5185247, 0.086831816
0.07724767, 0.77528805, 0.62686616
0.42449805, -0.9014165, 0.08514505
-0.42026317, 0.9034165, 0.084956385
0.0, 0.0, -1.0
0.0, 0.0, 1.0
-0.94760966, 0.30692118, 0.08851659
-0.73429555, 0.6734926, 0.084957466
-0.9959629, 0.028982915, 0.08495843
0.8735565, -0.38859737, 0.29307175
-0.995963, 0.028983204, 0.084958
-0.5245301, -0.8469719, 0.086641006
0.510043, -0.85569584, 0.08741165
0.0, 0.0, -1.0
0.9934093, -0.114222825, 0.009543164
0.9844605, -0.16488391, -0.060422603
0.63594764, 0.7671582, 0.08389815
0.9958615, -0.030895678, 0.08547145
0.34477115, -0.93480325, 0.08529838
-0.9894045, 0.017547088, -0.14412098
0.6386462, 0.7647961, 0.0849584
-0.5186423, -0.8508031, 0.084523246
0.0, 0.0, -1.0
-0.39807093, 0.8976592, 0.18907005
0.00354068, 0.013557257, 0.99990183
0.6957606, -0.7134404, 0.08318536
0.009859625, 0.018200204, -0.9997858
0.00354068, 0.013557257, 0.99990183
-0.1592997, 0.97710544, 0.14102675
0.0, 0.0, -1.0
-0.58192784, -0.80878913, 0.084971026
0.0, 0.0, -1.0
-0.57877433, -0.81105804, 0.084881954
0.8746634, -0.47422233, 0.100385085
-0.42022488, 0.90343404, 0.08495909
0.59530747, 0.7962736, 0.107504964
0.004778766, 0.023342075, -0.9997161
0.006516057, 0.029094856, 0.9995554
0.0, 0.0, -1.0
0.59629536, 0.79760146, 0.09090588
0.24714951, 0.9332195, -0.2608037
-0.42024294, 0.903426, 0.08495505
0.96641195, -0.2356276, 0.10260411
0.0, 0.0, -1.0
-0.23289235, -0.96857256, 0.08734068
0.25632104, 0.9628045, 0.085481144
0.0, 0.0, -1.0
0.9704263, 0.24125853, -0.008190837
0.0, 0.0, 1.0
0.36886376, -0.92556936, 0.08521079
0.0, 0.0, 1.0
-0.7464641, -0.6307687, 0.21194868
-0.76659495, -0.63637245, 0.08580419
-0.7049248, -0.70434743, 0.083520144
0.0, 0.0, 1.0
0.8535097, -0.5140581, 0.08523731
0.09530431, -0.9916662, 0.08669094
0.8293947, -0.5520316, 0.085822456
-1.3850234E-4, 2.77167E-4, -0.9999999
-0.9582261, 0.27231428, 0.0874509
0.378313, -0.92299116, 0.07047432
-0.8971595, 0.43345922, 0.08495814
0.0, 0.0, -1.0
0.0026968496, -0.011526827, -0.9999299
-0.42022395, 0.9034346, 0.08495742
-0.540013, -0.8146399, -0.2115367
0.9680269, -0.23602097, 0.084959336
0.0, 0.0, -1.0
-0.18955088, -0.9764128, 0.10338571
0.44661397, -0.88709164, 0.11663766
0.9005935, -0.261817, 0.34696296
-0.985462, 0.027525162, 0.16765147
-0.56506324, 0.70010126, 0.4365338
0.0, 0.0, -1.0
0.0, 0.0, -1.0
-0.021025006, 0.004141565, 0.99977034
-0.9313568, -0.3532622, 0.08820679
0.008789933, 0.99346036, 0.113838926
-0.749406, -0.65609694, 0.08903655
0.0, 0.0, 1.0
0.0, 0.0, -1.0
0.6265109, -0.7751759, 0.08115668
0.0, 0.0, -1.0
0.6517024, 0.75766295, 0.035083532
0.38026962, -0.85560554, 0.35118973
0.17134689, -0.984214, 0.044304945
0.08589304, 0.98935664, 0.11745579
0.9400964, -0.31278607, 0.1355864
0.00983338, 0.018201109, -0.999786
-0.7342956, 0.6734925, 0.084957905
0.68392, 0.7250876, 0.08063072
0.0, 0.0, -1.0
0.84356904, -0.5291751, 0.0914605
0.9742349, -0.208668, 0.0855809
0.0, 0.0, -1.0
-0.70402056, -0.7040418, 0.093167566
-0.41709217, 0.8966997, 0.1482017
0.0, 0.0, 1.0
0.3319305, -0.8753381, 0.35157558
0.9453486, -0.3148351, 0.084822334
0.0, 0.0, 1.0
0.8507151, -0.5187157, 0.084957734
0.40421775, -0.8993918, 0.16644098
-0.24916023, -0.96456563, 0.08678915
0.57435006, -0.81398934, 0.08685129
0.0, 0.0, 1.0
-0.40165007, 0.9154146, 0.026331328
0.0, 0.0, -1.0
0.0, 0.0, 1.0
0.23892233, -0.85196215, 0.4659149
0.0, 0.0, -1.0
0.6626641, -0.7472982, 0.04921078
-0.8180207, -0.5685841, 0.086914994
0.9451637, -0.24142861, 0.21994969
0.0, 0.0, -1.0
-0.10869544, 0.99036837, 0.08576587
0.0035576662, -0.008901514, -0.99995404
0.0, 0.0, -1.0
0.5801755, 0.81446695, 0.006326807
0.08419819, -0.99267066, 0.08669262
-0.77965003, -0.62042564, 0.08495812
0.58722556, 0.8092392, 0.017263528
-0.6195375, -0.7796148, 0.09151021
0.008466097, 0.8438684, -0.53648335
0.0, 0.0, -1.0
-0.69822496, -0.71076703, 0.08539435
-0.781408, -0.6218249, 0.052300267
0.0, 0.0, 1.0
-0.5249318, -0.84166694, 0.12666287
0.8679256, -0.48812723, 0.09185364
0.2831587, 0.951619, 0.11934146
0.6462631, -0.76244503, 0.03196274
-0.9684706, 0.24760199, 0.027531663
0.99370784, 0.04003076, 0.10460577
-0.74833894, -0.6575088, 0.0875844
0.33707952, 0.03816533, -0.9407023
-0.995958, 0.029158808, 0.084955834
-0.3116175, -0.9463484, 0.08555242
0.008469285, -0.00486957, -0.99995226
-0.21492738, 0.97292084, 0.085037574
-0.42110485, 0.9004769, -0.108683184
0.9474052, -0.3075461, 0.08853679
-0.5818367, -0.80885357, 0.08498208
0.0, 0.0, -1.0
0.22330391, -0.9576292, 0.18188356
0.0, 0.0, -1.0
-0.39703053, 0.90639675, 0.14426242
-0.5624389, -0.8224446, 0.08513124
-0.3191045, -0.93799454, 0.13541956
0.6185049, 0.78103226, 0.08625755
0.8735565, -0.38859737, 0.29307175
-0.5616885, -0.8229692, 0.08501668
0.95371306, 0.2881483, 0.086034924
-0.42022365, 0.90343475, 0.08495709
0.378313, -0.92299116, 0.07047432
0.949901, -0.30059275, 0.08562701
-0.9167624, 0.38742933, 0.097186565
-0.16518882, -0.9825544, 0.085437015
-0.29423892, -0.9519343, 0.08511485
0.85071474, -0.51871616, 0.08495882
0.60538673, 0.79125744, 0.086131275
0.0037883804, 3.194411E-4, -0.9999928
0.0, 0.0, 1.0
0.18637347, -0.98236036, 0.015268173
0.9573958, -0.28454077, -0.049293786
-0.73148996, -0.6768473, 0.08246379
0.08961452, 0.663914, 0.74242
0.21723102, -0.9751283, 0.043994237
-0.011381316, 0.02312489, -0.9996678
-0.43321905, 0.8972866, 0.08484187
0.9905906, 0.11100412, 0.08005291
-0.99613035, 0.0013269972, 0.087878376
0.51435226, -0.8533224, 0.08533863
0.0, 0.0, -1.0
0.59043247, 0.7472985, -0.30485153
0.88699657, -0.45371005, 0.0859318
0.0, 0.0, 1.0
-0.5617228, -0.8229451, 0.08502218
0.84587556, 0.526454, 0.08567784
0.85936606, 0.50354075, 0.08908802
0.0, 0.0, -1.0
-0.42022517, 0.903434, 0.08495832
-0.40954426, -0.90835947, 0.08459638
0.0, 0.0, -1.0
0.77390563, 0.62709486, 0.088443026
-0.11506917, 0.9896815, 0.08538017
-0.018972134, 0.9961951, 0.085060984
-0.9228953, -0.38394788, 0.029124536
0.8850779, -0.44617197, 0.13254334
0.0, 0.0, -1.0
0.45480677, -0.88631004, 0.087208636
0.35149992, -0.8417164, 0.40983102
0.0, 0.0, 1.0
-0.11349433, -0.9898837, 0.08514262
0.995356, -0.04421131, 0.08550811
-0.73429495, 0.6734931, 0.08495799
-0.02012129, 0.9996776, 0.015485611
-0.3116175, -0.9463484, 0.08555242
0.9952723, -0.037383836, 0.08964123
0.8507147, -0.51871645, 0.08495702
-0.5618574, -0.8228512, 0.08504227
0.2808856, -0.9559589, 0.08512193
-0.3039434, -0.94884664, 0.08548957
0.0, 0.0, -1.0
0.020634836, 0.99940157, 0.027761865
0.28827384, -0.95374686, 0.085235715
0.0, 0.0, -1.0
0.0087085245, 0.009409267, 0.9999178
0.25632104, 0.9628045, 0.085481144
0.9517533, 0.29369095, 0.08894579
0.8756781, -0.47439855, 0.09018828
0.0, 0.0, 1.0
-0.77965015, -0.6204255, 0.08495811
-0.33956438, -0.93668526, 0.08553794
0.0, 0.0, -1.0
0.1482931, -0.9881026, 0.040771212
-0.4202256, 0.9034337, 0.08495921
-0.021163486, 0.0039097606, 0.9997684
0.75360864, 0.6502024, 0.096492656
0.0, 0.0, -1.0
0.0, 0.0, 1.0
0.45480677, -0.88631004, 0.087208636
0.9686686, -0.233378, 0.08494584
-0.064946294, 0.038256373, -0.9971552
0.0, 0.0, 1.0
-0.4202256, 0.9034337, 0.08495921
0.5966129, 0.7980197, 0.08495716
0.33698997, -0.92819464, 0.15777372
0.18163964, 0.97962314, 0.08570716
0.57435006, -0.81398934, 0.08685129
-0.73429394, 0.6734944, 0.08495719
-0.5249318, -0.84166694, 0.12666287
-0.95816284, 0.27089015, 0.0924256
0.0, 0.0, -1.0
-0.74833894, -0.6575088, 0.0875844
-0.5828913, -0.80809546, 0.08496755
0.8512213, -0.51788473, 0.08495736
-0.7796501, -0.62042546, 0.08495787
0.2811685, -0.95587623, 0.08511636
-0.87584233, 0.45229214, 0.16832112
-0.98049766, 0.17016868, 0.098321095
-0.42022496, 0.9034341, 0.08495852
-0.39680776, 0.89959264, 0.18241902
0.9704263, 0.24125853, -0.008190837
0.61223596, 0.78589296, 0.086829536
-0.4341834, 0.8968127, 0.08492211
-0.9956113, -0.029315516, 0.08887388
0.069659345, 0.9922091, -0.10328988
0.0, 0.0, -1.0
0.8507147, -0.51871645, 0.08495702
-0.008535572, 0.017094037, -0.9998175
-0.0034008124, 0.009015848, -0.99995357
0.0, 0.0, -1.0
0.0, 0.0, 1.0
0.70855814, -0.20476504, -0.67529005
-0.1592997, 0.97710544, 0.14102675
-0.89322895, -0.42094222, -0.15795451
0.9131886, 0.39753574, 0.08973244
0.9686782, -0.23334326, 0.08493205
0.41591114, -0.9064724, -0.07297758
0.8647762, -0.49441484, 0.08784112
0.0, 0.0, 1.0
0.0, 0.0, -1.0
0.2893886, 0.9390264, 0.18569766
0.0023616534, -0.004729639, -0.99998605
0.8537334, -0.5137868, 0.08463057
-0.5532939, -0.82864255, 0.084955096
0.71594244, 0.6930253, 0.08451229
0.0, 0.0, -1.0
-0.033044532, -0.91971886, -0.39118433
-0.5460744, -0.8335721, 0.08342862
0.0, 0.0, 1.0
0.0, 0.0, -1.0
0.70370275, -0.6765943, -0.21684659
-0.75785047, -0.64664346, 0.08668793
0.0, 0.0, 1.0
0.28368172, -0.8729843, -0.39676574
0.28938857, 0.9390265, 0.18569767
0.0, 0.0, -1.0
0.85818446, -0.50616026, 0.08556403
-0.046285335, 4.282643E-5, -0.99892825
-0.57864535, -0.81127065, 0.08372278
-0.15683897, -0.18470156, 0.9701994
-0.6947444, -0.7077631, 0.12806882
-0.4202186, 0.9034375, 0.08495359
0.0, 0.0, -1.0
-0.9584339, 0.271865, 0.08656663
0.9474052, -0.3075461, 0.08853679
-0.75785047, -0.64664346, 0.08668793
0.9627351, 0.25688028, 0.0845793
0.89531475, -0.41848668, -0.15257967
0.0, 0.0, -1.0
0.0, 0.0, -1.0
0.18864445, 0.51339155, -0.8371634
0.66583914, 0.61292934, 0.4254125
0.9679553, -0.23631498, 0.08495709
0.004778766, 0.023342075, -0.9997161
-0.5618587, -0.822919, 0.08437436
-0.097271584, 0.9915956, 0.08530141
-0.3191045, -0.93799454, 0.13541956
0.68589413, -0.726381, -0.04381518
0.0, 0.0, -1.0
-0.20384042, 0.9781357, 0.041227315
0.913987, -0.39674443, 0.084979646
-0.58294344, -0.8080647, 0.08490303
0.5027406, 0.741303, 0.44465914
0.0, 0.0, -1.0
0.0043670586, 0.007402527, -0.99996305
0.0, 0.0, 1.0
0.13988069, -0.98430455, 0.107601486
0.24007928, 0.9695409, -0.0485012
0.34286723, -0.93554235, 0.08486854
0.0, 0.0, 1.0
-0.98489106, 0.027576951, 0.17096496
0.78764105, -0.23708123, 0.56869495
0.8746634, -0.47422233, 0.100385085
0.0, 0.0, -1.0
0.6214692, 0.7786939, 0.086091556
0.0, 0.0, -1.0
0.70036703, -0.7137371, 0.0080967555
-0.8590895, -0.50509477, 0.0827308
-0.9180783, 0.021896148, 0.39579394
0.2798554, -0.9479872, 0.15166165
0.0, 0.0, 1.0
0.39320967, 0.6464282, -0.6538476
0.89556634, -0.43668658, 0.085239716
0.1482931, -0.9881026, 0.040771212
0.85110056, -0.5180765, 0.08499718
0.0, 0.0, -1.0
-0.75785047, -0.64664346, 0.08668793
0.0, 0.0, -1.0
0.59763527, -0.79700345, 0.087278835
0.17149703, -0.9850682, 0.015147344
-0.04624682, 0.7688966, -0.63769835
0.72841364, 0.6793582, 0.08880312
-0.23212191, 0.970381, 0.06693311
0.0, 0.0, -1.0
0.9614621, -0.25974134, 0.09013978
0.75955236, -0.64353293, 0.09458052
0.0, 0.0, -1.0
-0.99449813, 0.060610883, 0.08543823
0.0, 0.0, -1.0
-0.7461681, -0.64205384, 0.17606884
0.23802182, 0.9403977, 0.24289446
-0.4202245, 0.90343434, 0.084957875
0.0, 0.0, -1.0
-0.7663737, -0.6333459, 0.10744467
0.06662022, 0.9943631, 0.08248534
0.0, 0.0, -1.0
0.24007928, 0.9695409, -0.0485012
0.005620393, 0.99628454, 0.08593921
0.0, 0.0, 1.0
0.9494155, 0.30102623, 0.08940614
-0.580433, -0.7966265, 0.1687713
-0.30788058, -0.9475736, 0.08552119
0.0, 0.0, -1.0
-0.008227389, 0.0091416035, -0.99992436
0.0, 0.0, -1.0
0.0, 0.0, -1.0
0.5966122, 0.79802024, 0.08495675
-0.99596286, 0.02898284, 0.0849579
0.5739052, 0.81888044, 0.008220798
0.6142079, -0.78446025, 0.08585307
-0.99595916, 0.029120501, 0.08495533
-0.98193824, 0.0362018, 0.18570603
0.29852718, 0.95029414, 0.088445134
0.957094, -0.25062224, 0.14546339
0.8586924, -0.5052927, 0.085595585
0.0, 0.0, 1.0
0.17089511, -0.9816197, 0.08495682
0.5255229, -0.84263647, 0.1174291
-0.7119577, -0.69741917, 0.081991754
0.006516057, 0.029094856, 0.9995554
-0.5620505, -0.8227162, 0.08507173
0.81356424, -0.5333369, -0.23165686
0.0, 0.0, -1.0
0.0, 0.0, 1.0
0.017429585, 0.017744757, 0.9996906
0.99609524, -0.017735077, 0.08648639
0.92244285, -0.37597275, 0.08799799
-0.56130034, -0.82324, 0.08495848
-0.010436217, 0.6688074, -0.7433625
0.37268627, -0.9266004, 0.05016582
0.0, 0.0, -1.0
-0.98665106, 0.027458562, 0.16051745
0.095825434, -0.9953605, 0.008657751
0.7782186, -0.6279475, 0.0075985137
-0.6795777, -0.72832775, 0.08782283
0.28592318, -0.9544602, 0.085168414
0.0, 0.0, -1.0
0.6077641, 0.7938975, -0.018693676
0.0, 0.0, -1.0
0.0, 0.0, -1.0
-0.30788058, -0.9475736, 0.08552119
0.8507144, -0.51871693, 0.0849573
0.9223292, -0.3772702, 0.08352291
-0.31406707, 0.3389716, -0.88682586
-0.56294966, -0.825659, 0.037081454
-0.1932352, 0.40231344, 0.89487654
0.036458302, 0.9972965, -0.063800834
0.85443044, -0.51256794, 0.08498659
0.0, 0.0, -1.0
0.0, 0.0, 1.0
-0.9494657, 0.11220039, 0.29313132
-0.57775813, -0.8117785, 0.084919594
0.8088624, -0.58100575, 0.09040928
-0.893397, -0.4491468, 0.010441601
0.0, 0.0, 1.0
-0.41192716, 0.89828753, -0.15295623
-0.7796503, -0.62042534, 0.08495771
-0.4202245, 0.90343434, 0.084957875
0.051196337, 0.99830747, -0.027589133
0.009515601, 0.999676, 0.023607349
0.70746845, 0.70152175, 0.08576488
0.24007928, 0.9695409, -0.0485012
0.0, 0.0, -1.0
-0.4192586, 0.9067106, 0.045805424
0.86072105, -0.20358233, 0.46659777
-0.7342945, 0.6734936, 0.084958084
0.3674228, 0.8051434, 0.46555844
-0.10026683, 0.99123275, 0.08604712
-0.99935424, 0.02623086, -0.024554748
0.0105456915, 0.022152137, 0.99969894
0.2618528, 0.9648529, -0.022181774
-0.59104633, -0.8010802, 0.09452354
0.009609568, 0.05591347, 0.99838936
0.85071516, -0.51871556, 0.08495796
-0.7570647, -0.6475585, 0.086724415
0.8398444, 0.5344015, 0.095269695
-0.41685244, 0.8961862, 0.15193515
0.5981231, 0.80004007, 0.046740007
0.3319305, -0.8753381, 0.35157558
0.51479244, -0.8489714, 0.11931593
-0.42022362, 0.9034349, 0.08495575
-0.15880263, 0.9836153, 0.08533901
-0.98489106, 0.027576951, 0.17096496
-0.954608, 0.28497997, 0.0866599
0.44661397, -0.88709164, 0.11663766
-0.58442867, -0.8071583, 0.0832986
-0.995958, 0.029158808, 0.084955834
0.1965513, -0.9791046, 0.052171066
0.94252443, 0.32183412, 0.08983584
0.09530431, -0.9916662, 0.08669094
-0.97591865, -0.1998859, 0.087341085
-0.99830234, 0.05086602, 0.028374776
0.0, 0.0, -1.0
0.0, 0.0, -1.0
0.98177284, 0.17058167, 0.083809495
-0.034568977, 0.9759355, -0.21530156
-0.4202236, 0.9034347, 0.08495787
0.2133894, 0.96835345, -0.1294475
0.8552415, -0.511165, 0.08527761
-0.57606673, -0.8130844, 0.08391002
0.78764105, -0.23708123, 0.56869495
0.9418771, -0.3243435, 0.08757188
0.0, 0.0, -1.0
-0.10329245, -0.99101067, 0.08501983
0.36886376, -0.92556936, 0.08521079
0.8507151, -0.51871574, 0.08495741
-0.024819098, 0.99946105, 0.021485377
0.946032, -0.17482935, -0.27287012
0.0, 0.0, 1.0
0.0, 0.0, 1.0
0.62643975, 0.77869093, 0.034837816
-0.6575848, -0.70454997, 0.26681733
-0.73429507, 0.673493, 0.08495756
0.8507152, -0.5187155, 0.08495773
-0.9588421, -0.2718023, 0.08212951
0.995782, -0.034816995, 0.08488772
-0.76302826, -0.6403803, 0.087754674
-0.11240752, 0.98994297, 0.085891575
-0.56337833, -0.8217867, 0.08527342
-0.99596286, 0.028982915, 0.08495802
0.4620699, -0.8858932, 0.041044924
0.6787425, -0.7288787, 0.08969096
-0.9996316, 0.026178084, -0.00717823
0.45404914, -0.8840511, 0.11087459
-0.5613005, -0.82323974, 0.08495877
-0.91100687, 0.4034735, 0.08529733
0.0, 0.0, -1.0
0.0, 0.0, 1.0
0.84064984, 0.5339289, 0.090707265
0.0, 0.0, 1.0
-0.5646721, -0.8209144, 0.08511759
-0.5634601, -0.82175267, 0.08505991
-0.8840331, -0.46578887, 0.03906844
0.0, 0.0, 1.0
-0.98193824, 0.0362018, 0.18570603
0.9494155, 0.30102623, 0.08940614
0.0, 0.0, 1.0
0.0047374596, 0.9940155, 0.10913639
0.5014753, -0.8410187, 0.20300263
-0.04633974, 4.1130494E-5, -0.9989257
0.6815275, 0.7259074, 0.0926215
0.0, 0.0, -1.0
0.0, 0.0, -1.0
0.5027406, 0.741303, 0.44465914
0.0, 0.0, -1.0
-0.73624486, -0.67140275, 0.084627636
-0.521404, -0.8490144, 0.08551265
0.15524462, -0.9847687, 0.078293025
0.0, 0.0, -1.0
-0.5418808, -0.81539714, 0.20369773
-0.5047857, 0.85923046, 0.083153225
-0.30339736, 0.9483195, 0.09295168
0.9963163, 0.008213643, 0.085360676
0.2873772, -0.9540174, 0.08523632
0.0, 0.0, -1.0
0.915448, -0.18909794, 0.3552421
0.0, 0.0, -1.0
0.57182455, -0.567164, -0.59274095
-0.024819098, 0.99946105, 0.021485377
0.8552415, -0.511165, 0.08527761
-0.99110764, 0.1016082, 0.085914515
-0.7792795, -0.62088245, 0.085020125
-0.99879307, 0.026294315, -0.041486148
0.0, 0.0, -1.0
0.60467756, 0.795723, 0.034494918
-0.3116175, -0.9463484, 0.08555242
0.996306, -0.010458114, 0.085235305
0.0, 0.0, 1.0
-0.7029589, -0.7064098, 0.08266754
0.0, 0.0, 1.0
0.8434338, -0.52657443, 0.10648425
0.2586086, 0.96228683, 0.084413156
-0.95079416, -0.29701895, 0.08814845
-0.42022496, 0.9034339, 0.084958866
0.0, 0.0, -1.0
0.0, 0.0, -1.0
-0.15810047, -0.9837112, 0.08553759
0.0, 0.0, -1.0
0.0, 0.0, -1.0
-0.58192784, -0.80878913, 0.084971026
-0.77964985, -0.62042594, 0.084958136
-0.15810047, -0.9837112, 0.08553759
-0.9214749, 0.37872618, 0.086316876
0.0, 0.0, -1.0
0.54456294, -0.58011526, 0.60573715
0.43571186, 0.5026104, -0.7466847
0.0, 0.0, -1.0
0.60066056, 0.6125164, 0.51383895
0.71805954, 0.40177968, -0.5682988
-0.65905404, -0.7468551, 0.08863003
-0.84103894, -0.5340539, 0.0862549
-0.0049625444, 0.72335315, -0.6904604
0.8341519, -0.5475656, -0.06604898
-0.7342941, 0.67349404, 0.08495865
-0.9239392, -0.37220266, 0.088326305
0.0, 0.0, -1.0
0.94752973, -0.29563218, 0.121609494
0.5984185, 0.7859384, 0.15555084
0.90078527, 0.4260393, 0.08412134
0.9596844, -0.26810327, 0.08441799
-0.009568225, -0.010221499, -0.99990195
0.0, 0.0, -1.0
-0.20987383, 0.87636226, 0.433523
0.8507144, -0.51871693, 0.0849573
0.0, 0.0, 1.0
-0.9228953, -0.38394788, 0.029124536
0.99630594, 0.009648935, 0.085330874
-0.42022413, 0.90343446, 0.08495786
0.6386444, 0.76479757, 0.08495853
-0.5718882, -0.8121735, 0.115404226
-0.9959629, 0.028981453, 0.0849581
0.007697944, -0.004785362, -0.9999589
-0.9959589, 0.029127007, 0.08495545
-0.99190414, 0.09346624, 0.085966796
0.85124457, -0.5178438, 0.08497269
0.9513262, 0.11021047, 0.28780544
0.0, 0.0, 1.0
0.61812216, 0.78116417, 0.0877929
0.2586086, 0.96228683, 0.084413156
-0.93174726, -0.3526887, 0.08635808
0.0, 0.0, -1.0
-0.5838278, -0.76162404, 0.28120086
0.4785158, -0.07614066, 0.8747715
-0.9972854, -0.068134375, -0.027919954
-0.73429483, 0.6734933, 0.08495808
0.12936637, -0.97614783, 0.17435509
-0.7391732, -0.6677087, 0.08825078
0.98780715, 0.03647474, 0.15134934
0.4233043, -0.90597314, 0.00511131
-0.985462, 0.027525162, 0.16765147
0.021181311, 0.017469194, -0.999623
0.27251008, -0.9443776, -0.18409017
0.0, 0.0, 1.0
-0.67336553, -0.73412293, 0.08742041
0.14797658, 0.98890436, 0.013081192
-0.99595916, 0.029120501, 0.08495533
0.5850091, 0.79631656, 0.15376732
