-0.41136068, -0.91119426, 0.022524096
0.031291246, -0.6526764, -0.7569903
0.48474452, -0.47832912, -0.7322732
0.83510494, -0.5350153, 0.12789987
-0.6664998, -0.5790975, -0.46949342
0.41204712, 0.9010998, 0.1350418
0.98080456, -0.1857858, -0.05921176
-0.49197027, 0.844724, -0.2107285
0.9914964, -0.07298269, 0.10774231
0.690198, -0.6864475, 0.22894649
0.8421826, -0.22537573, -0.48983082
0.101686105, 0.27813452, -0.9551445
0.96292, -0.15408154, 0.22145854
-0.18482883, -0.047753092, -0.9816098
-0.6631787, -0.61383784, -0.42824903
0.8722216, -0.4581169, 0.171343
0.42490664, -0.8435079, -0.32855552
0.87653375, 0.40645155, -0.25784823
0.77815616, -0.6183956, 0.109816946
-0.45520043, 0.22821009, 0.8606467
-0.8355541, 0.53384036, -0.12986058
0.5423091, -0.8399411, 0.019995773
-0.49713615, -0.4994803, -0.70948935
-0.3934089, -0.42357606, -0.8159735
0.4747579, -0.27459776, 0.83618236
-0.18091552, 0.97320616, 0.14191315
-0.3517594, -0.8702474, 0.3448691
0.38060826, -0.7504173, -0.54038066
0.37767974, -0.92246413, -0.08011178
0.15819252, -0.96657175, 0.20177728
0.59165025, -0.46552706, 0.6582056
-0.5164163, -0.80254215, -0.29873115
-0.8918617, 0.2743725, -0.35958657
-0.6563748, -0.6394853, -0.40028834
0.18637317, -0.62829643, -0.75532025
0.98930144, 0.100189276, -0.1060413
0.5477716, -0.71679693, -0.4314493
0.32257518, -0.9393164, 0.116747834
0.07041607, -0.31111956, -0.9477585
0.6788759, -0.7319321, 0.058333933
0.7493643, -0.6619327, -0.01726827
0.26554418, 0.69764596, -0.66541445
-0.419255, -0.41097102, -0.80952334
0.18968005, -0.8984338, -0.39602795
-0.1934417, 0.0810887, -0.977755
-0.9631317, 0.10947712, -0.24574769
-0.17849343, -0.35144368, -0.91903615
0.039493743, -0.9188776, -0.39256123
0.79152715, -0.6079866, -0.061944265
0.20392284, -0.9255383, 0.31905216
-0.47411767, 0.82157403, 0.31658894
0.6043332, -0.18269832, 0.77550155
0.867863, -0.33906808, 0.36310697
-0.4158804, -0.82207507, -0.3888906
-0.41164637, -0.5518391, -0.7252729
-0.5965644, 0.72033995, -0.3538662
0.022903899, -0.7012313, -0.71256584
0.9382771, -0.33796832, 0.0735765
0.9870442, -0.13779643, -0.08219393
0.6095096, -0.43757033, 0.66108274
0.5149363, -0.47617754, 0.7128082
0.7132909, -0.119379796, 0.69062614
-0.43102315, -0.19693035, -0.88058925
0.8119809, 0.57062566, 0.12277352
-0.08955019, -0.78214836, -0.6166236
0.15522856, -0.9816022, 0.111181386
-0.0012361348, -0.9830822, -0.18316066
0.6997234, -0.68948066, -0.18709217
-0.21098767, -0.9774291, 0.01079932
0.637037, -0.5403104, 0.54977137
0.7704629, 0.18912289, -0.6087853
0.22677264, 0.06963241, -0.9714554
0.88619864, 0.07830678, 0.45664
0.70640653, -0.6102141, 0.35864812
0.93823856, -0.34598294, -0.0020624336
0.63616526, -0.7655725, 0.095877476
0.2896204, -0.34263283, 0.8937129
0.4539965, -0.73798126, -0.49927023
0.111504465, -0.96347314, -0.24348754
0.21564096, -0.866965, 0.4493001
-0.48198348, -0.53555965, -0.6934462
-0.5959686, -0.43474188, -0.6751451
0.46415678, -0.37135133, -0.80414957
0.84785825, -0.5235832, -0.08364878
-0.27253667, -0.78770614, -0.5524878
0.97733927, 0.19600222, -0.0799446
0.892485, -0.43749788, 0.10984594
0.1497103, -0.822448, 0.5487859
0.7417755, -0.19259791, 0.64239794
-0.44396284, -0.5283033, -0.72373515
-0.6865607, -0.46660602, -0.557596
0.8500511, 0.45713878, 0.26160514
0.45818564, -0.8887565, 0.013329896
-0.78309244, 0.5283064, 0.3281137
0.79777646, -0.48781455, 0.35438624
0.7414051, -0.66726154, -0.07127687
-0.10679808, -0.45659333, -0.88324213
-0.25373852, -0.7859734, -0.5637928
0.88666695, 0.4097757, -0.21425602
0.51681614, -0.8393648, -0.16842735
0.3042783, -0.045352038, 0.9515029
0.9401052, 0.27103615, 0.20674051
0.3512126, -0.1731602, 0.9201441
-0.6891311, -0.36729065, 0.62465656
0.43936396, -0.8791909, -0.18434373
-0.44488427, 0.89555645, -0.007523335
0.2335837, -0.9718656, -0.030264791
-0.37975, -0.8359966, -0.39610535
0.6090119, -0.7554913, -0.24153142
-0.3403105, 0.9163218, 0.21105228
-0.45703283, 0.7216947, -0.5198824
0.95069224, -0.16709712, -0.26127172
0.33988926, 0.4080983, 0.8473081
0.9155246, -0.39436623, 0.079309635
0.90056795, 0.20471528, 0.38349596
0.068531126, 0.0062049483, -0.9976297
-0.8018051, 0.5916886, -0.08374502
-0.39670148, -0.6238169, -0.67340946
0.43338344, -0.89815843, 0.074095786
0.47538114, 0.8067398, 0.3509753
-0.9579747, 0.033360284, -0.2849064
-0.28118595, -0.68590796, -0.6711667
-0.3652899, -0.7903097, -0.4919085
-0.267593, 0.9549387, -0.12839827
-0.44731155, -0.42904815, -0.7847484
-0.789848, 0.35919347, -0.4971117
0.8254905, 0.48264933, -0.29260057
-0.1739721, -0.4212223, -0.89011544
-0.42154554, -0.84306145, -0.33398604
-0.8105155, 0.5773924, -0.09840065
-0.3813614, -0.14546257, -0.9129097
-0.9210363, 0.09246255, 0.37834206
-0.37357828, -0.8041894, -0.46229723
0.79151, -0.51961005, -0.321741
0.3973843, -0.08481163, 0.91372466
0.24628155, -0.4577305, -0.8542998
0.74935234, 0.29017812, -0.595204
-0.3031773, 0.5558181, 0.77404773
0.71951884, -0.6808011, 0.13712224
0.70591694, -0.5761952, 0.41192278
0.014804106, -3.2882672E-4, -0.9998903
-0.39279056, -0.6468065, -0.6537255
0.85893214, -0.34225628, -0.3809149
-0.44236863, -0.8883327, -0.1231865
-0.32871422, -0.8948716, -0.30191353
-0.39345664, 0.011616765, 0.91926974
-0.05074538, -0.7945542, -0.60506904
0.46648154, -0.6090727, 0.6414245
0.8845136, -0.24190249, 0.39889702
0.581638, -0.69929993, -0.41554412
-0.48304346, -0.7902848, 0.37698686
0.33936274, -0.68564415, 0.6439915
-0.07752822, -0.6141692, -0.78535694
-0.5007989, -0.5117929, -0.6980462
-0.18928215, -0.8198997, -0.54031163
-0.10513906, -0.9781067, 0.17959148
-0.36945063, -0.5105772, -0.776413
0.8111671, -0.5724899, -0.11942838
0.03749843, -0.5357696, -0.84353113
-0.046434212, 0.95021695, 0.30810994
-0.84884125, -0.2535027, 0.46390185
0.63719976, -0.7147664, 0.28824532
0.6522431, 0.7536275, 0.081390925
0.9145854, -0.37140915, 0.15996504
-0.797405, 0.5163343, -0.3123207
0.5330178, 5.8587187E-4, -0.8461038
0.77577084, 0.6308985, -0.012112618
0.77031684, 0.27279115, 0.57636535
0.8559289, -0.50921434, 0.089924835
-0.24388646, -0.3745825, -0.8945431
0.991025, -0.033313707, -0.12945901
0.3836393, -0.6063354, -0.6965474
0.96765053, -0.121361196, 0.22118765
0.51495427, -0.8392428, 0.174624
-0.098718576, -0.83566964, -0.5402878
0.14457782, -0.94045997, -0.30762365
-0.015388154, -0.7861373, -0.61786026
0.8904063, 0.123673104, -0.43804294
0.24758287, -0.86359304, -0.43921497
0.9500779, 0.14512087, -0.2762097
0.9395391, 0.12927464, 0.317103
0.43324026, -0.8477154, -0.30607423
-0.6411107, 0.7573994, -0.123787336
0.4460384, -0.6828455, -0.5785947
-0.6149194, -0.77664745, -0.13672142
0.52669644, -0.79321593, 0.30561295
0.7379961, -0.6682375, 0.093916856
0.35678425, -0.6051327, -0.71170175
-0.35155022, -0.043043714, 0.935179
0.07098807, -0.9756072, -0.20772907
0.7164924, 0.6794562, 0.15804388
0.6712015, -0.46707094, -0.5756156
-0.9947612, 0.064908616, 0.078974724
0.9053376, 0.29687586, 0.30369166
0.6022563, -0.7982915, -0.0042372905
0.37376112, -0.9148471, -0.15283132
-0.1675748, 0.8211603, 0.5455404
-0.23982559, -0.7947462, -0.55755013
-0.2561896, -0.46266347, -0.8487104
0.35897353, -0.47372347, -0.8041915
-0.442437, 0.87398696, 0.20098847
0.4150305, -0.8411461, -0.34673184
-0.27228725, -0.9405301, 0.20313218
0.19526789, -0.5928424, 0.78128636
0.24387692, -0.96194834, 0.12320521
-0.42377868, 0.90198797, 0.082639724
0.8183515, -0.5746817, 0.0064666783
-0.08711791, -0.39857683, -0.91298795
0.68676734, -0.53330284, 0.49390155
0.7236172, -0.6312267, 0.27916098
-0.61949503, 0.5620038, 0.54806733
0.7573874, -0.53293824, -0.37728137
0.77408737, 0.57881105, -0.2564496
0.79084873, -0.54319, 0.28196257
0.13353996, -0.011795779, -0.99097323
0.5230717, -0.4662144, 0.7134705
0.49433503, -0.8669162, -0.063946486
-0.4156518, -0.52740455, -0.74099797
0.48860446, -0.6844541, -0.5410992
-0.85585266, 0.5021866, 0.123793796
0.9062852, 0.37856054, -0.18798652
0.72316724, 0.6544411, -0.22076246
-0.3314301, -0.94326675, 0.020047728
0.99164027, -0.124675214, -0.033251923
0.44665366, -0.44550705, 0.7759021
0.022197962, 0.967812, -0.25069356
0.08922317, 0.47250375, -0.8768007
0.86307627, -0.26662612, 0.42896375
-0.7931154, -0.14905395, -0.5905513
-0.48700926, -0.6357623, 0.59885585
0.943768, -0.29458755, -0.15006642
-0.5171876, -0.725477, -0.45409277
-0.55405766, 0.81722486, -0.15863046
0.15350327, -0.049796302, -0.9868926
-0.2599321, -0.29587144, -0.91918194
0.65061367, -0.6857966, 0.32616687
-0.3294855, -0.5154988, -0.79101217
-0.2880321, -0.11760409, 0.9503719
-0.5728244, -0.8165145, 0.0719463
-0.1427806, 0.0021337494, -0.98975205
0.67579263, -0.36370122, 0.64111286
0.29154822, -0.9492434, -0.11805319
0.2606917, 0.27151945, 0.926454
-0.65411615, 0.24032243, 0.71720093
-0.36334944, -0.8234355, -0.43581095
0.861868, -0.50654954, 0.02431181
0.6399074, -0.6188475, 0.4555725
0.7336531, -0.38579237, 0.55939025
0.3087191, 0.85472524, 0.41729775
0.13447022, -0.9908799, 0.008648633
0.5412571, -0.6704306, 0.5075072
0.4015603, -0.208243, 0.8918431
-0.039352033, -0.77335376, -0.63275224
-0.5688709, 0.82239234, -0.007535072
0.8584635, 0.30407923, -0.41300875
-0.4727127, 0.88121194, -0.0028625585
-0.3602025, -0.37414536, -0.85455805
0.50612223, -0.74802697, 0.42929703
-0.88557714, 0.4603334, 0.062019013
0.30738747, -0.9510799, 0.030981202
0.61463594, -0.7871272, -0.05151236
0.04969378, -0.99651426, -0.06700571
0.15926592, -0.98613065, 0.046697468
0.40332797, -0.32433465, 0.85564804
0.47520816, -0.7291593, -0.49244687
0.21962386, -0.35145345, -0.9100801
-0.05331918, -0.28150192, -0.9580782
0.14453639, -0.86820805, 0.47468302
0.48354405, -0.8711681, -0.08515404
-0.1911288, -0.52953297, -0.8264772
0.26334155, -0.94158506, 0.20992552
-0.1454057, -0.6805353, -0.7181427
0.9020834, 0.16212684, 0.39995044
-0.76230997, -0.36360657, -0.5354193
0.44563738, -0.64680827, -0.6189075
0.091943726, -0.9956679, -0.01384633
-0.54875743, -0.27545604, -0.7892967
-0.26097125, -0.7489189, -0.6091095
0.46099824, -0.88570327, -0.054866586
0.3654094, -0.4247063, 0.8283118
-0.12296279, -0.84041286, 0.5278129
0.9611276, -0.23554832, 0.14405109
0.23206851, -0.37448353, -0.89772284
0.26842377, -0.9631399, -0.017615872
0.86410034, -0.49102223, -0.11057947
0.34449026, -0.92953146, -0.13152094
0.7137121, -0.5576212, -0.42387918
-0.6662763, 0.68397695, -0.29707143
-0.39876056, -0.5961264, -0.69686687
0.9769653, -0.10266755, 0.18707818
-0.8912177, 0.38381788, -0.24169174
-0.101344414, 0.98877704, 0.10976878
-0.2419898, -0.43957588, 0.86499363
-0.27556643, -0.56507236, -0.77766085
0.33417153, -0.87608546, -0.34756815
0.17425178, -0.9769028, -0.12368234
-0.58578867, 0.64871556, -0.4858187
-0.03705271, -0.8458368, -0.53215337
0.58195126, 0.8017758, 0.13597146
-0.58499795, -0.7074424, -0.3966141
-0.5668416, 0.8212634, -0.064939424
0.067354225, -0.7862275, 0.61425537
0.98422533, -0.12354483, 0.12663838
-0.0398379, -0.27372375, -0.960983
0.60225886, -0.5914179, -0.5361988
0.48089433, -0.8602297, -0.1695452
-0.08972204, -0.72073174, -0.6873833
0.856016, -0.10246374, 0.506693
-0.66331226, -0.65145904, -0.36826345
0.029942343, -0.8608964, -0.5078985
0.23267914, 0.94538933, -0.22825299
0.3439263, -0.3751965, 0.86078006
0.36855328, -0.7361505, -0.5676715
-0.45938975, -0.22041723, -0.86045176
-0.75049794, 0.54330105, 0.37626705
0.9678492, 0.24090065, 0.07235253
0.6429112, -0.73450094, -0.21719451
0.85860175, 0.14223117, -0.4925175
-0.5368951, 0.6076376, 0.5852523
-0.086687915, -0.91374236, -0.3969385
0.055397227, -0.2482029, -0.96712273
0.53295356, 0.055548247, -0.84431916
-0.09134899, -0.13583177, -0.9865116
-0.18354034, -0.14627074, 0.97206885
0.7388572, 0.6620673, -0.12552606
0.89818597, -0.32057205, 0.30082476
0.970244, 0.045037866, 0.23790371
-0.23662251, -0.95532477, -0.17709938
0.957817, -0.24720886, -0.14654131
0.86951935, 0.034633253, 0.492683
-0.2547363, -0.2231218, -0.9409178
-0.6761714, -0.31941786, -0.663901
0.055171616, -0.5122406, -0.857068
0.86223066, -0.44816646, 0.23601937
0.662647, -0.6988857, 0.26917982
0.22318076, -0.8453072, 0.4854341
0.9582405, -0.27863285, -0.064333655
0.69231814, -0.71010053, 0.12826851
0.9168197, -0.29604468, 0.26795393
0.39079866, 0.9138413, -0.110319674
0.5605223, 0.8035754, -0.20020294
0.7822517, -0.6187652, -0.07219411
0.029024607, -0.99542016, 0.09108406
-0.6946439, 0.5331606, 0.48291788
0.50645465, -0.4257405, 0.7498324
0.75802135, 0.041725155, -0.6508937
-0.6240763, -0.77979064, -0.049551424
0.8040261, -0.5834095, 0.11478364
-0.034276746, -0.9865302, -0.1599478
0.76119953, -0.6209338, -0.18712664
0.51551896, -0.7480821, 0.41786778
0.49070147, -0.86188555, -0.1279273
0.116172686, -0.9236398, 0.3652307
-0.75739276, -0.6529546, 0.002533166
0.9507559, -0.30722642, 0.040929943
0.4205814, -0.051363796, 0.9057997
0.79945415, -0.5137449, 0.31135058
-0.32665056, 0.084107146, -0.9413954
0.90594, -0.3838669, 0.17865898
0.13761687, -0.7837391, 0.6056522
-0.6991558, -0.7119076, -0.06609635
0.9739972, -0.20367813, -0.09922152
-0.0053662728, -0.94869107, 0.3161587
0.8937142, 0.059055723, 0.444733
0.7506428, -0.60788584, -0.25886324
-0.52781755, -0.8405488, 0.12200972
-0.111395545, -0.802479, -0.58618975
0.2837954, 0.72651744, -0.62580556
0.76002955, -0.6279763, 0.16733448
-0.559488, -0.81184244, -0.16698803
0.551249, -0.68041486, 0.48286653
-0.14139666, -0.5102693, 0.8483114
0.30912328, 0.9238553, -0.22568582
0.2288651, -0.42727873, -0.8746735
0.36282414, -0.9316905, -0.017646082
0.9302262, -0.23790488, -0.2794285
-0.4347525, -0.81144035, -0.39058265
-0.8604723, 0.50692976, -0.05108466
0.89140815, -0.09520311, -0.44308904
0.5141246, -0.8577094, 0.0032359208
-0.15741354, -0.8288574, -0.5368579
0.22719787, -0.9712156, -0.071563095
0.97467965, -0.21360317, -0.06613056
0.91724926, -0.36523998, 0.15891354
-0.65012896, 0.7399078, 0.17282589
-0.49940285, -0.15604658, 0.8522008
-0.75157595, 0.63652134, 0.17313062
-0.07972299, -0.48896185, -0.8686544
0.38798687, -0.20551373, -0.89846003
0.083666295, 0.95981365, 0.26787624
0.9583317, -0.27846, -0.063722156
0.20958942, -0.597809, -0.77375495
-0.06125012, -0.67204577, -0.73797214
0.16501361, -0.6210778, 0.7661807
0.2758594, -0.8897248, 0.3637188
-0.24914178, -0.5341809, 0.8078237
-0.08531027, -0.8512694, -0.5177477
0.5980512, -0.028781502, 0.80094093
0.24561322, 0.75044256, 0.6136042
0.666477, -0.59702945, 0.44650218
0.77922255, -0.24262218, 0.5778812
-0.010856093, -0.73854655, 0.6741151
0.06901731, -0.58591264, -0.8074299
0.9106384, -0.1828341, 0.37055275
-0.5757197, -0.19401856, -0.7942944
0.17429805, -0.96345884, -0.2033891
0.48345998, -0.86488783, -0.13503906
0.600513, -0.70059216, -0.385428
0.7263069, -0.3223814, 0.60708207
0.8851057, -0.46040168, 0.06795616
-0.6707637, -0.34861556, 0.6546322
0.5026759, -0.57568747, 0.6449038
0.56166387, 0.79952365, 0.2128276
-0.7908056, 0.61205375, 0.004093109
-0.7399993, -0.23060183, -0.6318416
0.5533581, -0.12589397, -0.82337445
0.9120068, -0.40845585, -0.037515223
0.3065107, -0.894427, 0.3256554
-0.29083577, -0.67457896, -0.67849666
0.47546512, -0.87327445, 0.10641753
-0.9785865, -0.18077904, 0.09842482
0.024523536, 0.056894965, 0.99807894
0.6042151, 0.74031824, -0.29470822
-0.1902365, -0.57474077, -0.79591656
0.40787262, 0.22806925, -0.88409513
-0.48230892, 0.36926627, -0.79436797
0.12371245, 0.32656857, 0.93704224
0.3702077, 0.13740687, -0.91873044
0.48195684, -0.8312832, -0.2769222
0.9346827, 0.35324433, -0.03983279
0.4364928, -0.20782809, -0.87537515
-0.62614256, 0.21203466, 0.7503244
0.08635201, 0.028153572, -0.9958668
0.57915974, -0.8091827, 0.09898204
0.88411176, -0.18618461, -0.42858103
0.9077841, -0.41323006, 0.07189485
-0.4576864, -0.25435585, -0.8519544
0.55860126, -0.47598967, -0.67926306
0.85198665, -0.5217174, 0.04392784
0.5296499, -0.830354, -0.17315668
0.4406382, -0.89249253, 0.09641071
-0.7136669, -0.35981116, -0.60101205
0.111368, 0.9803807, -0.1626371
0.07692192, -0.87126726, -0.48474357
-0.22893502, -0.4405551, -0.8680438
0.7850695, 0.61828524, -0.037268735
-0.0941971, -0.76042455, -0.64255846
0.94654083, -0.16109376, 0.27948037
0.3188785, -0.50795346, 0.80018735
0.89063954, -0.4447673, 0.09456884
0.14486332, 0.8475299, 0.5105955
0.38463783, -0.7296177, -0.56543064
-0.72577506, -0.56003267, -0.399517
0.5830701, -0.81241524, -0.0032612593
0.14846106, 0.24873154, -0.9571269
0.28273165, -0.91125435, 0.29946333
-0.7709802, -0.6359846, -0.03336257
0.68527365, -0.7242074, 0.076965734
-0.06988231, -0.32101724, -0.94449157
0.74740493, -0.50820935, -0.4279126
0.51361036, -0.70078516, -0.49508026
-0.64898676, -0.7456324, -0.15115727
-0.7750269, 0.6230967, -0.10527967
0.7287332, -0.6375131, -0.25005
0.5652841, 0.81650174, 0.117382824
-0.9104594, 0.3663524, -0.19196239
0.5347379, -0.38643682, -0.7514798
0.7203421, -0.5437212, -0.4306675
-0.5717526, 0.8203914, -0.0075343237
0.7138905, -0.6426902, 0.27804637
0.8531882, 0.13231401, -0.50454223
-0.8205536, 0.5692099, -0.05188325
0.8776516, 0.46065822, 0.13236955
-0.022031289, -0.4255289, -0.9046766
0.84864974, 0.5253681, -0.06149672
-0.42678565, -0.25199616, -0.8685344
0.4205869, -0.228396, -0.878033
0.9166116, -0.3704735, -0.15024196
-0.84622806, -0.22724503, 0.4819314
0.6129859, 0.62610376, -0.4819152
0.8538304, 0.45190242, 0.25837532
0.6445936, 0.56028444, -0.5201735
0.8251228, -0.56495315, 7.2510896E-4
0.36948052, -0.8157324, -0.44504464
0.79288614, 0.058283035, 0.60657614
0.095873654, -0.7957257, -0.59802085
-0.27627462, -0.9135875, -0.29837912
0.8437312, -0.52070934, 0.13030519
0.9626754, -0.027233994, 0.2692849
0.023952417, -0.99955714, 0.01765862
0.31125984, -0.63180935, 0.7098832
0.09472151, 0.9660941, 0.24018769
0.8256831, 0.5500968, -0.12506367
-0.23377843, -0.34396568, -0.9094148
-0.1329044, -0.98109215, 0.14069328
0.88762796, 0.4582087, 0.046489485
-0.83580875, 0.5444864, -0.07041568
-0.45142817, -0.41670623, -0.78903013
0.7734407, -0.6237741, 0.112673394
-0.11910913, -0.90773314, 0.40228537
-0.07515488, -0.7588757, -0.64688426
0.5777269, -0.17058548, -0.7982057
-0.091109686, 0.043428987, -0.99489343
0.37382483, -0.2409761, -0.8956481
0.44670337, -0.8707112, -0.20571356
-0.03096473, -0.68963283, -0.7234969
0.59015304, -0.79981476, -0.109616354
0.64313996, -0.09586564, 0.75972426
-0.32700744, -0.49820596, -0.8030299
0.6704724, -0.24785148, 0.6993113
-0.6068942, -0.32104307, -0.7270562
0.6453842, -0.71095085, 0.27933514
0.5521286, -0.55465865, 0.6225012
-0.9657213, -0.25488722, -0.04914161
0.9832282, -0.17253305, 0.059115864
0.38699928, -0.38371038, -0.8384498
0.55142474, -0.69102204, 0.46735346
0.31730407, -0.94016373, -0.12413789
0.68913895, -0.41777238, -0.59207577
0.53273994, -0.8393888, -0.10777123
0.8899685, -0.44733107, -0.088605866
0.775787, -0.61274993, -0.15063924
0.6624061, -0.28966045, 0.6908799
0.93644285, 0.34920216, 0.033656288
-0.16377945, 0.43985388, -0.883009
0.8810613, 0.028123002, -0.47216523
0.7406194, -0.66962636, 0.055528034
0.7935491, -0.5994063, 0.10484167
0.18048985, -0.75774, -0.6270993
0.36091706, -0.8447416, -0.39515895
0.50104314, 0.42558452, -0.7535473
0.030243706, -0.8365857, -0.54700065
0.7833907, -0.6202799, -0.039393928
0.7521576, -0.63775116, 0.16592878
0.88504833, -0.46535125, -0.0117304195
-0.037146807, -0.7216107, -0.6913017
0.19199826, -0.98047835, 0.042411458
-0.7895415, 0.5495135, -0.27323815
-0.66276723, -0.1413862, -0.7353566
0.73035073, -0.677956, 0.08344725
0.39684865, -0.8479379, -0.35144326
-0.1785273, -0.98374426, 0.019367602
0.9312002, -0.3641815, -0.015427582
0.3026434, 0.6224297, 0.72179514
0.40790215, 0.0925098, 0.9083268
-0.6238716, -0.40103275, -0.6707883
0.3971581, -0.90445256, -0.15566297
0.1914396, -0.976125, -0.102620326
-0.43708536, -0.1544558, -0.88605857
-0.03413775, -0.9861373, -0.16238227
-0.29776517, -0.8889474, 0.34800652
-0.13728769, -0.37280533, -0.91769725
-0.24690095, -0.43007806, -0.8683737
-0.896573, 0.29163033, -0.33332935
-0.07198762, -0.99442226, 0.07708572
0.18018876, -0.9731355, -0.14331585
0.5485208, -0.8128485, 0.19596508
-0.19223277, 0.6158649, -0.76403993
-0.31216595, -0.8520774, -0.42013848
-0.958134, 0.2737845, -0.08379239
-0.42755598, -0.63479865, -0.6436043
-0.8949719, -0.39466545, 0.2080011
-0.3404444, -0.2982897, -0.8916955
-0.9433053, 0.33180267, 0.009058961
0.86085224, 0.3487187, -0.37057894
-0.3791356, -0.15899013, -0.9115801
0.67855346, -0.72578853, -0.11312105
-0.75922304, 0.636615, 0.13528417
0.7186904, 0.4708637, -0.511636
-0.01939423, -0.9283458, -0.3712114
0.9667615, 0.25511226, -0.017028138
0.47758415, -0.82133996, -0.31195217
-0.29097566, -0.094375245, 0.95206434
0.75264657, 0.12476178, -0.6464964
0.29300958, -0.9554235, -0.03621089
0.18747713, -0.9705325, 0.15139057
-0.7143834, 0.051522546, -0.6978551
-0.13509889, -0.08714575, 0.98699236
-0.12665679, -0.9912815, 0.036318816
-0.3445536, -0.15966222, 0.9250896
-0.82612926, -0.027406162, 0.5628137
0.068705045, 0.9464278, -0.31552172
0.22090904, -0.5604913, -0.79815334
-0.66971827, -0.7100084, -0.21763615
-0.76298475, 0.6435893, -0.060390703
0.16589317, -0.9453714, -0.28062835
-0.091265045, -0.9956755, -0.017346757
0.9437768, 0.32564023, -0.056954082
0.69261354, -0.38726908, 0.6085303
-0.5195069, -0.04805451, 0.85311395
0.9508156, 0.11223304, 0.28870994
-0.19417931, -0.2872023, -0.9379815
0.696179, -0.6139728, 0.37198415
0.7034785, -0.7104765, -0.018471245
0.6735855, 0.009030186, -0.7390542
0.33626908, -0.9191211, -0.20527913
0.62396926, -0.74451524, 0.23740119
-0.9242621, -0.38175735, 8.8736555E-4
0.21020314, 0.9691281, 0.1288616
0.9340043, -0.35693562, 0.015261319
0.65841913, -0.6681465, -0.34650317
-0.26553932, -0.8841311, 0.384449
-0.35130993, -0.87745637, -0.3265756
0.20018032, -0.92191225, -0.33167088
-0.9227536, -0.37456095, 0.090719156
0.85391355, -0.513562, -0.084177
-0.28950897, -0.3327327, -0.89748174
-0.21313322, -0.57403, -0.7906097
0.36912838, -0.90818584, -0.19733907
0.279301, 0.8934844, -0.35167676
-0.027835637, 0.99691874, -0.07333641
-0.17040937, -0.9626798, -0.21025766
0.9350606, 0.102813974, -0.33925062
-0.63590974, -0.74391544, -0.20544754
0.774324, 0.58794624, -0.23396915
-0.02091285, -0.6109721, -0.7913759
0.9632197, -0.14355479, 0.22715598
0.7922796, 0.610064, -0.010716987
-0.106604785, -0.9348024, -0.33879176
0.57374066, -0.8160722, 0.06962626
0.15201156, -0.061228085, 0.98648036
0.48425487, -0.39390185, -0.7812417
-0.6625107, 0.6675561, -0.33977708
0.13667904, 0.9260168, 0.35186884
-0.28125218, -0.9397695, -0.19424315
0.6466828, 0.08028956, -0.75852156
0.9273203, -0.37033632, 0.054111183
-0.5495393, 0.82422936, 0.13657376
-0.41447213, -0.2174403, -0.8837039
-0.015747199, -0.61403805, -0.78911924
0.41701078, -0.46314347, -0.7820487
0.78584814, -0.6182545, 0.0142849535
-0.1356288, -0.23701948, -0.96199095
0.24790584, -0.9687809, 0.0025197803
0.96788317, -0.23411168, 0.09161816
0.38507292, -0.78892785, -0.478865
-0.6570614, -0.7514501, -0.059941787
-0.023546834, -0.8849712, 0.46505007
0.47055915, -0.3814242, -0.7956694
0.7399983, 0.5684918, -0.3594711
-0.049401365, -0.37416604, -0.92604494
-0.31162938, -0.2721951, 0.91038287
0.21236645, -0.9754478, -0.058329154
0.6300616, -0.6931389, -0.3501155
0.6029068, 0.2261067, -0.7651008
-0.16827609, -0.72447014, -0.66845065
-0.043882206, -0.3915305, -0.9191182
-0.27043462, -0.87723625, 0.39663813
0.03441984, 0.61509633, -0.7877003
-0.34078607, -0.9401337, 0.0036843335
0.4772732, -0.8086784, -0.3438743
0.4186846, -0.9081313, 7.7384035E-4
0.6945292, -0.7126466, -0.09881373
0.37248975, -0.8257533, -0.4235363
0.64338, -0.7596047, 0.09519941
-0.8737354, 0.48530388, 0.032655567
-0.2666379, -0.69355637, -0.66924125
-0.10788895, -0.7769002, -0.6203112
-0.7549365, -0.4534911, -0.47372642
0.26672417, 0.6527388, 0.70907706
-0.034365248, -0.98831755, 0.14848383
0.74065495, -0.18943737, 0.6446268
0.8919662, -0.3814311, -0.24270652
0.44904035, -0.40497884, -0.79646397
0.5846095, -0.5664683, 0.5808143
0.6836309, -0.70068467, -0.2041807
-0.06306084, -0.5000905, -0.86367404
0.906408, -0.35980368, -0.22128253
-0.2755777, -0.8613849, -0.4267
0.6078546, -0.23904288, -0.7572128
-0.026812335, -0.32849666, -0.94412446
0.696467, -0.5565943, 0.4529199
0.3468031, 0.57090646, 0.74417305
-0.576865, 0.80245864, 0.15259984
-0.5070662, 0.69579184, 0.5086822
0.5776374, 0.53772056, 0.6141592
-0.022494452, 0.42681, -0.9040615
-0.6403796, 0.29870024, 0.70759606
0.80111647, 0.41173348, -0.43438235
0.32288677, -0.9314587, -0.16771658
-0.90844434, 0.4128157, -0.06566716
0.6890741, -0.53278184, -0.49124372
0.34558034, -0.9381064, -0.02303332
-0.16228974, -0.410324, -0.89738303
-0.858931, 0.51082164, 0.036037397
0.6427548, -0.725055, -0.24730846
0.06256731, 0.6637332, 0.7453479
0.37163043, -0.8364902, -0.4027094
-0.6112181, 0.7653258, -0.201715
0.13534044, -0.8793429, -0.45655113
0.516554, -0.34684488, 0.78286046
-0.34912896, -0.84967524, -0.39517212
0.8191306, -0.5598581, -0.1248353
0.45554844, -0.5385813, -0.7088059
-0.7113329, -0.7027725, -0.010781726
0.78559154, -0.3237337, -0.52729726
-0.9791016, 0.20208111, 0.022877337
-0.56035453, 0.8142728, 0.1515344
-0.9092895, 0.40278837, -0.10466246
0.25024122, -0.6590245, 0.7092715
-0.45212045, 0.83160937, 0.32251027
-0.400299, -0.7928664, -0.4594818
0.30669013, -0.84871495, -0.430841
-0.10485984, -0.9578027, 0.26761645
0.91162986, -0.4083198, 0.0469681
-0.30238044, 0.51301557, 0.8033562
0.1135821, 0.9837683, 0.13892081
0.9337025, 0.0942282, 0.34542817
0.15646385, -0.6560039, -0.7383616
0.8891973, 0.44152567, 0.11993026
0.090472, -0.6986304, -0.7097397
0.7163988, -0.28974625, 0.63468105
0.59090173, -0.7865278, 0.17946912
0.6746626, -0.44468603, 0.5891389
-0.5379487, -0.84200567, -0.04046687
0.42039576, 0.26707774, -0.867143
0.8662802, -0.21224214, -0.45223004
-0.072360605, -0.99525535, 0.065044664
0.8968616, 0.35700566, 0.2611247
0.79290074, -0.53899014, -0.2842499
0.049376264, -0.59362805, 0.8032234
0.73846495, -0.61996686, 0.2651613
0.8020967, -0.43399125, 0.4102347
0.3032048, -0.91853994, 0.25367528
0.6637242, 0.71557254, 0.21777561
0.69782776, -0.69125414, 0.18762763
0.32659948, -0.93319666, -0.14992222
-0.70712835, 0.6829036, -0.18333621
0.92843664, -0.3621371, 0.0828371
0.38741413, -0.58188325, 0.715068
-0.34735614, -0.193229, -0.917609
-0.01423629, -0.9868221, -0.1611816
0.7399893, 0.6615057, 0.121762596
0.5634807, -0.6488086, 0.51140684
-0.6148683, 0.7831544, 0.09277018
-0.3421682, -0.75846756, -0.5546602
0.41321522, -0.91033405, -0.023345053
0.16427104, 0.81719404, 0.5524572
-0.52311873, -0.37957788, -0.7630645
0.85575974, -0.38681382, 0.34358448
-0.9357183, 0.35257646, 0.011009075
0.76503396, 0.3048283, -0.56727654
0.6502135, -0.7487301, 0.12894017
-0.2859759, 0.80681133, -0.5169848
-0.5236268, -0.59332806, -0.6113728
0.5789352, 0.0015536636, 0.81537205
0.98765105, 0.15616128, -0.012610624
0.05059547, 0.9935439, 0.10154092
-0.04206701, 0.98798686, -0.14870179
-0.64268357, -0.42003608, -0.6407241
0.19431064, -0.53557134, -0.8218312
0.5143122, 0.7563949, 0.40416542
0.8837495, -0.13139321, -0.44913542
-0.64952385, 0.35976264, 0.669843
0.7544418, -0.61421347, 0.23142917
-0.3818451, -0.4991994, -0.77781385
-0.70579946, -0.5167521, -0.4845766
-0.40292168, -0.64780235, -0.646534
0.39168346, 0.18561254, -0.90118366
-0.01267892, -0.87948483, 0.47575802
0.8103043, 0.5577373, -0.17982247
0.5222146, 0.83164716, 0.18882515
-0.4038669, -0.36247268, 0.8399435
0.9137416, -0.3932314, 0.10220302
0.9197524, 0.332444, 0.20865396
-0.27133143, -0.94446343, 0.1853865
0.9402977, 0.22136281, 0.25853196
-0.87759715, 0.4350344, 0.20141605
-0.24713291, -0.807798, -0.5351519
-0.8876866, -0.21387878, 0.40776014
0.7811665, 0.62429136, -0.006250898
0.4776186, -0.7734224, 0.41677117
0.45569485, 0.5479116, -0.7015234
0.6713418, -0.6720618, -0.31246307
0.64673704, -0.6979128, 0.3076506
0.25347152, 0.17008282, 0.9522731
0.7959188, -0.017374035, -0.605154
-0.8062241, 0.57391876, -0.14359681
-0.051902365, -0.3186061, 0.9464652
0.9682537, -0.24981593, 0.00876666
0.30366662, -0.15129834, 0.9406887
0.830092, -0.55142313, 0.08294551
0.4532195, -0.60113937, -0.6581971
-0.7086659, -0.32798687, -0.62467366
0.62387466, -0.7812413, -0.021036156
-0.35771847, -0.5288752, -0.7696288
0.7579257, -0.52197564, 0.3912672
0.6643298, -0.7474392, -8.6726766E-4
0.8299278, -0.53994054, 0.14030026
-0.020689467, 0.48370853, 0.87498456
0.4257991, -0.3324503, 0.84152955
-0.72772175, 0.6838182, -0.05304443
-0.4522015, -0.82119143, -0.34807816
0.22886005, -0.95732147, -0.17651802
0.27601382, -0.56541264, -0.77725464
0.9957714, 0.09183071, -0.0025370286
0.1576439, -0.9355642, -0.31601903
0.8123178, -0.5198951, -0.26428977
-0.6733348, 0.67941666, 0.29157034
-0.44876936, -0.5982497, 0.66385496
0.68738216, 0.7211379, -0.08640639
0.26488858, -0.66277874, -0.7003987
0.64480335, -0.3878284, -0.6586485
-0.07575057, -0.89207494, 0.4454931
-0.82607436, 0.012816349, -0.56341535
0.5827588, -0.5744617, 0.574792
0.07367379, -0.7970702, -0.5993757
0.49041468, -0.8362206, 0.24541485
0.94082755, -0.32718924, 0.08826543
-0.8719631, 0.48102278, 0.091089875
0.66185, -0.27501065, -0.6973693
0.74864364, -0.6435218, 0.15941277
-0.03695953, -0.29211673, -0.9556683
-0.49534532, 0.28021842, -0.8222594
0.11160026, 0.81135386, 0.57380337
0.6415378, -0.6144719, -0.45918778
-0.069062665, -0.74163777, -0.66723585
0.8882748, -0.13579817, 0.4387787
0.45185313, -0.84209615, 0.2944534
-0.6595516, -0.3799074, -0.64858454
0.7617232, -0.5102604, 0.39926443
0.91526634, 0.2710831, 0.29799587
-0.2289632, -0.95355356, -0.1957332
-0.3332836, -0.23321322, -0.9135281
0.32515675, -0.7818931, 0.5318988
0.4971528, -0.5988744, 0.62784433
-0.5074278, 0.85988736, -0.055774633
0.6786668, 0.09041871, 0.7288593
-0.22905442, -0.6328884, -0.7395853
-0.6749113, -0.5242752, -0.5192592
0.9969146, 0.058805164, -0.051992442
-0.016946191, -0.9993428, -0.03204347
0.3825732, -0.23209623, 0.8942981
0.031544093, -0.9677896, 0.24977627
-0.32707143, -0.06948324, -0.94244164
-0.068521254, 0.091808274, -0.99341637
-0.3971317, -0.90830654, -0.13139887
0.868011, -0.49286383, -0.060349762
0.7234886, -0.37665877, 0.5785261
-0.013657737, 0.11874568, -0.99283075
-0.19411902, -0.94456667, 0.2647861
-0.45833763, -0.88716173, -0.05357912
0.6669107, -0.70594096, 0.2384897
0.7715991, -0.63507044, -0.03633671
0.895768, -0.23347165, 0.3782733
-0.18769936, 0.7563254, 0.6266904
-0.8166793, -0.22445917, 0.53165114
0.40825462, -0.9128586, -0.004171077
-0.50711673, -0.7122366, -0.4853367
0.07826185, -0.9960961, 0.04083801
0.587549, -0.13428268, 0.7979688
0.90793437, -0.0582699, -0.41504207
0.9313099, -0.046069015, -0.36130255
0.651321, -0.646071, 0.39796132
0.33423722, -0.08883055, 0.93829346
0.31274498, -0.8699458, -0.38129368
0.27866516, 0.6246823, 0.72946393
0.9400909, -0.3319197, 0.07783587
0.036948636, -0.51312906, -0.8575158
0.9002724, 0.40151384, 0.16821496
0.67302066, -0.60644156, 0.42340493
0.9367077, -0.14585838, 0.31828302
0.87893975, -0.3065091, 0.3654
-0.13412102, -0.98867226, 0.067370266
0.30429497, -0.7360557, -0.60467064
0.67801523, -0.01623192, -0.7348686
-0.9401292, 0.33689982, -0.051531915
0.940191, 0.080470905, -0.3310067
-0.51422346, 0.7906265, -0.33239126
0.118089095, 0.35547236, 0.92719704
0.8273157, 0.55233574, 0.10234211
0.7989941, -0.57742935, -0.16788031
0.4139055, -0.40056843, 0.81745166
0.6283817, -0.37094834, 0.6837644
0.17509924, 0.9333797, 0.31327724
0.6983052, 0.09730299, 0.70915586
-0.23273073, 0.11353538, -0.9658913
-0.035264097, -0.5314183, -0.8463752
-0.23178703, -0.44290116, -0.86609083
0.4394211, -0.74414665, 0.50314486
-0.6961624, -0.7146065, -0.06852323
0.73853904, -0.55598575, 0.38136587
-0.4837346, 0.111554705, -0.8680762
0.49145707, 0.8709002, -0.0016664186
0.74786866, -0.59799224, -0.28826666
-0.46575734, -0.3170687, -0.8261583
0.4424359, 0.5230042, 0.7285034
-0.16776149, -0.03258573, -0.9852889
-0.63803697, 0.6220702, -0.45380348
0.30238542, -0.23392177, 0.9240366
0.40940878, -0.21599433, -0.88641465
0.3430752, -0.4934952, -0.7992258
0.5112221, -0.84933203, -0.13148038
0.7983999, 0.6014771, -0.027981263
0.4268952, -0.8472173, -0.31620148
0.85714006, -0.51430476, -0.028313927
-0.3442683, -0.6516457, 0.67589736
0.66238797, -0.6547964, 0.36398333
0.9632223, -0.017941972, 0.2681058
-0.06633006, -0.7125142, -0.6985154
-0.19066803, -0.30830932, -0.93198234
0.16167073, -0.82954687, -0.5345228
-0.6940386, -0.44675583, -0.56455255
0.9980501, 0.0014968797, 0.06239979
0.85029465, -0.45995313, -0.25581655
-0.26000258, -0.5839617, -0.7690171
0.3362962, -0.9165266, -0.216527
-0.6140655, -0.048637554, -0.78775495
0.3068397, -0.94392854, -0.12185388
0.59654176, 0.7908406, 0.13678119
0.8642567, 0.49891463, -0.064378306
-0.0709206, -0.5497041, -0.8323435
-0.6410353, 0.7226204, 0.25863776
-0.42716694, -0.9028636, 0.048638158
0.18162555, -0.19686083, -0.96346146
0.3677641, 0.81921864, 0.44003445
0.33844334, -0.9368415, 0.088227734
-0.13332543, -0.65533364, -0.7434798
0.28892446, -0.92608154, -0.24268447
-0.23738915, -0.22276483, -0.94552755
0.23846969, 0.5607518, -0.79289955
0.87398386, -0.4034996, 0.2708141
0.2615673, -0.8782795, -0.40025944
0.55758214, 0.45301953, 0.6956116
0.10729117, 0.99236196, 0.06088009
0.92802805, 0.04620808, -0.36963335
0.8895056, -0.45665917, -0.015559118
-0.50485605, -0.6386578, -0.58072084
0.004584377, -0.97636706, -0.21607019
-0.034559082, 0.9938976, 0.10475348
0.9459496, -0.31561187, 0.074621834
-0.33118945, -0.7303196, -0.5974502
0.7975674, -0.6010938, 0.050717898
-0.09211134, 0.95686716, -0.27553722
0.08132417, -0.7780955, -0.62285936
0.81386757, -0.57800746, -0.059387024
0.81847024, 0.0721839, -0.5699965
-0.86883146, 0.4752171, 0.1389266
-0.9714333, -0.13826272, -0.19287515
0.07892819, -0.8446656, 0.5294434
-0.048799414, -0.96686727, -0.25057188
0.7824047, -0.4338767, 0.4467592
0.78137076, -0.6090459, -0.13609855
0.6526135, -0.6941536, -0.30372077
-0.18607184, -0.87968636, 0.43764052
0.8335035, 0.5416919, -0.108820066
0.2383183, -0.8951303, -0.37675735
-0.63221276, -0.5010455, -0.59098256
-0.20835114, -0.40993112, -0.8880013
0.7457675, -0.0878561, 0.66038793
-0.22376059, -0.17880192, -0.9581029
0.24532428, -0.9669685, -0.069195576
0.015893249, -0.963097, -0.26868495
0.8136087, 0.4225008, -0.39941707
0.87724924, 0.36724418, -0.30913657
0.39855793, -0.74754506, -0.53134555
-0.86612546, 0.47228605, -0.16362348
0.9129551, -0.37813404, 0.15338737
-0.7766956, -0.5615521, 0.28531227
0.8232227, -0.53843653, -0.17997372
0.8998932, 0.43412596, -0.041555446
0.41600385, -0.9093542, -0.0039760447
-0.3429409, 0.904568, -0.2532748
-0.33631507, -0.868949, 0.3630698
0.81705356, -0.37836823, 0.43504125
0.7294729, 0.14919361, 0.66754067
0.7301276, -0.6001092, 0.32677615
-0.45671606, -0.08974587, 0.8850741
-0.53675926, -0.12377183, -0.8346078
-0.6088366, -0.1839011, -0.7716854
-0.0230417, -0.83413684, 0.5510761
-0.46869957, -0.3979737, -0.78863025
0.9275603, 0.37042233, 0.049183123
-0.20544037, -0.57448, -0.7923175
0.2910379, -0.9346539, -0.20425227
0.7141227, -0.39092585, -0.5806942
0.38637394, -0.8501654, 0.3576785
-0.8263738, 0.56034654, -0.055840172
-0.8869654, 0.46181318, 0.004581264
-0.30851206, -0.686516, -0.6584194
0.72879064, -0.6683841, -0.14875124
-0.27271378, -0.49742976, -0.8235234
0.99512166, -0.041380752, 0.08955688
-0.08238726, -0.3764024, -0.92278576
0.2861183, -0.33490595, -0.89776075
0.785845, -0.2659317, -0.55832607
0.673508, 0.5621498, 0.4799735
-0.37897623, -0.7934837, 0.4761939
-0.86064714, 0.49293172, -0.12769024
0.12920994, -0.49263066, -0.86059266
0.42568198, -0.9040442, 0.038714852
0.5922522, -0.5880329, -0.5508671
-0.005484041, 0.9057769, 0.42371923
-0.089677185, -0.89472735, -0.4375168
0.38101643, 0.04414623, -0.9235137
0.901341, -0.11932528, -0.41634834
-0.96288836, 0.2497021, 0.10244471
-0.22960913, -0.9689047, 0.09221451
0.72640955, -0.6860369, -0.041018188
-0.06186466, -0.9922807, 0.10747902
-0.05264055, -0.43126085, -0.9006904
0.7328155, -0.5373384, 0.41743135
-0.010524297, -0.37101215, -0.9285684
0.8451435, -0.52881694, -0.07800667
0.8947605, 0.37556636, -0.2415649
0.24798056, -0.6100788, -0.7525354
0.3882715, -0.6166555, -0.684822
-0.54560494, 0.62686414, -0.55619836
-0.82413596, 0.40451157, -0.39644712
-0.7954449, -0.5173172, -0.31567454
-0.32549334, 0.8369725, -0.43992174
0.7656596, -0.14084655, 0.62763655
-0.022245942, 0.9951892, -0.0954124
0.65398747, -0.72685486, -0.20971994
0.75935906, -0.6386628, 0.124433234
0.7036817, 0.13474277, -0.69762194
-0.19231515, -0.80330473, -0.56366336
0.2547346, -0.72371167, 0.64136714
0.11043101, -0.9925235, -0.051982053
0.6740073, -0.6060231, -0.42243367
-0.011933008, -0.992489, 0.12175071
0.13859536, 0.026981913, -0.9899815
-0.022899918, 0.43446472, -0.90039766
-0.2595736, -0.5817422, -0.7708421
-0.65640295, -0.18690227, -0.73089176
-0.86885154, 0.20884407, 0.4488664
0.25721335, -0.95650315, 0.13763376
-0.28077704, -0.0021062018, 0.95977074
-0.7396184, -0.56427026, -0.3668293
-0.6642494, -0.38609812, 0.6400788
0.33304477, -0.8634404, -0.37888256
0.66422033, -0.6883205, 0.29159242
-0.6017065, 0.7986858, -0.007094706
0.6500567, -0.7233945, -0.23265135
0.42692298, 0.8918555, -0.1494345
-0.6045079, 0.7895128, -0.106017314
-0.65998876, -0.7158414, -0.22800413
-0.0280508, 0.8876211, -0.45971936
0.61484396, -0.27939445, 0.7374996
-0.42007935, 0.34973428, 0.83738834
0.73433346, -0.5737153, -0.3627742
0.030839995, -0.4288734, -0.90283805
-0.2893415, -0.95677686, 0.029315969
-0.9934795, 0.1126791, -0.017377686
-0.5265902, -0.38128883, -0.7598167
0.16507627, -0.93621975, 0.31022945
-0.10156517, 0.09722306, -0.9900667
0.08299298, -0.61435056, -0.7846563
0.97977567, -0.10944133, 0.1675179
0.64251107, 0.7617679, -0.08300184
0.6980881, -0.64430785, 0.3123146
-0.4749887, -0.84394383, 0.24928795
0.80495554, 0.43081832, 0.4079732
0.92487496, -0.37955487, -0.023334522
-0.08850407, -0.0523196, -0.99470073
0.6108768, 0.7658482, -0.20076354
-0.106114686, -0.6408331, -0.76031095
0.21834554, -0.41093054, 0.88513345
-0.7536888, -0.65720624, -0.0057474743
-0.14918537, -0.9803703, -0.1289102
-0.19901556, -0.4922972, -0.8473702
-0.9157617, 0.39013273, -0.095796704
0.58633393, -0.76353747, 0.2705977
-0.28517047, -0.5285796, -0.79955065
0.70697623, -0.5800536, 0.40462625
0.18380606, -0.21167, -0.95990163
0.9761306, -0.21717839, -0.0015958004
0.8485417, -0.5271262, 0.04598835
0.5692405, 0.054527804, -0.8203608
-0.20508006, -0.3780748, 0.9027744
0.8295293, 0.32627818, 0.45323694
0.36182106, -0.14713635, 0.92056304
0.5814625, -0.8125389, -0.04100942
0.8807703, 0.031228159, -0.47251293
0.0089407, -0.5498676, 0.83520395
0.9672166, -0.20915234, 0.14403974
-0.9058795, -0.273592, 0.32331076
0.50374347, -0.86088306, -0.071574345
0.0047037955, -0.9261597, 0.37710238
0.31326216, 0.62488776, 0.7151098
0.93070346, 0.08633513, 0.35543963
-0.56394595, 0.81824875, -0.11150782
-0.2705005, 0.88764626, -0.37271118
-0.8162029, 0.5578771, -0.15028664
0.4239642, -0.6372489, -0.643559
0.35234404, 0.9325255, 0.07905661
0.37130114, 0.4577923, -0.8078128
0.84196514, -0.52190465, -0.13678569
0.9257192, 0.2739414, -0.2607682
0.107136935, -0.32937676, -0.9381005
0.7407262, 0.38298187, 0.5519507
0.80037755, 0.16803642, -0.57546467
-0.9006331, -0.2802775, -0.33212128
-0.12566487, -0.569973, -0.81199694
-0.47659492, 0.8758353, -0.07595982
-0.18406601, -0.41929954, -0.8889924
0.6844247, -0.41764277, 0.5976097
-0.27260566, -0.16711017, 0.94750214
0.44207382, -0.47712535, 0.7595539
-0.03199624, -0.88706803, -0.46052864
-0.2923689, 0.73685557, 0.6095607
0.28869787, 0.9315088, -0.22123495
0.9764452, -0.195603, 0.09107294
-0.19967718, -0.44748002, -0.87171704
-0.09831529, -0.9129737, -0.39599648
-0.2834969, -0.5271494, -0.8010886
-0.9029782, 0.3689407, -0.22025685
-0.30684456, -0.70538324, -0.6389685
-0.11829811, -0.15902695, -0.98016113
-0.37810192, -0.56699413, 0.73181736
0.12697992, 0.3723792, 0.9193529
-0.029034227, -0.52831566, -0.84855145
0.59894073, 0.1917428, 0.777499
-0.053269073, -0.8460143, -0.53049237
-0.6698502, -0.73362297, -0.11444705
0.5187422, 0.85325766, -0.053459596
0.66377425, -0.69491273, 0.27658626
0.7918727, -0.21022764, -0.5733602
-0.27704594, -0.9267476, 0.2537407
0.15146062, -0.55450314, 0.81828237
0.7739748, -0.58995575, 0.23003325
0.6817552, -0.7224808, 0.115027755
0.88868356, -0.26713043, -0.3726699
-0.79283565, 0.49805605, -0.3512148
0.7432985, -0.23248865, 0.62726104
0.43214715, -0.8388658, -0.33098802
-0.5234911, -0.82942176, -0.19497831
0.7791913, -0.48194265, 0.40073955
0.993252, -0.015130344, -0.11498489
0.23971106, -0.87069684, -0.42944804
-0.9810747, -0.10381397, -0.16344732
0.85648733, -0.48421198, -0.17879644
-0.0973125, -0.62478083, -0.7747123
0.034948282, 0.19488353, 0.98020357
0.6482523, -0.17445515, -0.7411709
0.12395426, -0.9877722, -0.094558805
0.85093004, 0.50749767, 0.13551417
0.36533332, -0.17477687, 0.9143219
-0.48594317, -0.566224, -0.66576993
0.76482975, -0.62724906, -0.14694934
-0.40866357, -0.7364121, -0.53915787
0.36636728, -0.47361717, -0.8009131
-0.70494664, -0.6927269, -0.15224893
0.88602155, -0.31433058, -0.34082544
0.63355, -0.37681043, -0.6757427
0.25935444, -0.86549056, 0.4285574
-0.31878626, -0.737825, -0.5949703
-0.09483687, -0.500999, -0.860236
0.019350663, 0.9168402, 0.3987852
0.40739506, -0.86839455, -0.28270158
-0.44762608, 0.88704646, 0.113045946
0.2987341, -0.8594892, 0.41477242
-0.15047687, -0.94900745, -0.27702284
0.88359344, -0.41215375, 0.22224295
-0.14310692, -0.92109555, 0.3620818
0.444342, -0.8890973, 0.10984637
-0.055474736, -0.32793966, 0.94306844
-0.45851752, -0.87841314, -0.1347294
0.4518145, -0.60807794, 0.65276706
0.74704856, -0.6608813, -0.07179465
-0.7290189, -0.1794387, -0.6605552
0.4866374, -0.87279636, -0.037556097
0.53508437, -0.7020348, -0.46992743
-0.7216948, -0.27132216, -0.6368209
-0.4756186, -0.28539857, 0.83206654
0.33546326, -0.30343437, 0.89184755
0.92185766, 0.060886674, 0.38271567
-0.060757216, -0.98732674, 0.1466098
0.599908, -0.58148044, -0.549537
0.91556185, -0.37279764, -0.15089162
-0.13472992, -0.25571483, -0.957318
0.5541509, 0.05109646, 0.83084655
-0.25039315, -0.6815867, -0.68756306
-0.015127261, -0.54003763, -0.84150493
0.61004823, -0.4806854, 0.62990683
-0.1245758, -0.9830993, 0.13415243
0.3670919, -0.91833526, 0.14799936
0.8509358, -0.42573804, 0.30766103
0.7820497, -0.57718647, -0.23506162
-0.23432864, 0.7808507, 0.5791047
0.9647648, 0.190781, 0.18119462
0.8201863, -0.48812708, 0.29837278
0.95095694, -0.28316638, 0.12448984
0.43248126, -0.5521646, -0.71279323
-0.938677, 0.34358606, 0.028882567
0.80470455, -0.585797, -0.096396804
-0.75409484, -0.5831845, -0.30205458
-0.07203432, -0.5255026, 0.84773695
-0.66312927, 0.74846226, 0.007990984
0.6888359, -0.7245885, 0.021832393
-0.882237, 0.4514417, -0.13363445
0.3941672, -0.73324245, 0.5540648
0.8235789, -0.5537894, -0.122617714
0.45591134, 0.10874937, 0.88335633
0.6461767, -0.7375589, -0.19611861
0.76954657, -0.633731, 0.07863188
-0.15788296, 0.98127884, -0.11029432
0.48323306, 0.2457132, 0.840304
-0.18632032, 0.9824838, -0.0032230904
0.7231502, -0.6810418, 0.11504718
0.17189942, -0.98500067, -0.014975675
-0.3508669, -0.15227011, -0.92396224
0.1027374, -0.5856257, -0.8040445
0.4123911, -0.90326685, -0.11850131
-0.011095476, -0.76888466, -0.6392913
0.9009254, 0.34930083, -0.25753143
-0.36301413, -0.4531368, -0.8141793
0.20373307, -0.8628498, -0.46258312
0.9762826, 0.16852881, -0.13590553
-0.6297312, -0.44053406, 0.639819
0.1279193, 0.29340583, -0.94739103
-0.730374, 0.5785596, -0.36307383
-0.20796253, 0.57428646, -0.7917996
0.81287175, -0.5819773, -0.02327964
-0.392603, 0.91077906, -0.12784466
-0.85684264, -0.40706077, -0.3164208
-0.558892, -0.33922297, -0.75668186
0.80144966, -0.56104183, 0.20714867
0.14631265, -0.9842767, -0.09895449
-0.20065846, -0.20025614, 0.9589753
-0.20564717, 0.113287814, -0.97204685
-0.7950115, 0.6061207, -0.023963425
0.55700874, -0.7331371, -0.39019397
0.0811994, -0.228427, -0.97016895
0.23306625, -0.888638, 0.39497155
-0.17748572, -0.61334795, -0.76961225
-0.22687757, -0.8231067, -0.5205976
0.096774966, 0.9761677, -0.19424503
-0.41742295, -0.9021597, -0.10893141
-0.32297456, -0.7928673, -0.5167678
0.84610707, -0.089551196, 0.5254364
-0.6652524, 0.64249617, -0.38031286
0.5059833, -0.8493736, -0.15015133
-0.5708651, 0.7452386, 0.34457582
0.6221569, -0.46093056, -0.6328221
0.7663343, -0.6423277, -0.012117844
-0.1755052, -0.87464786, 0.45187283
0.769062, -0.6064145, -0.20200281
-0.18165787, -0.012829829, 0.9832781
0.72104686, -0.54515684, 0.4276628
-0.052668, -0.9578644, 0.2823505
0.8611937, 0.1021385, -0.49790865
-0.15309979, -0.2809815, -0.94742274
0.8267249, -0.51332974, -0.2302574
0.87298775, -0.020933265, -0.48729265
0.97691727, 0.17323878, -0.12498433
0.388356, -0.9208991, -0.03353226
-0.02429777, 0.16103357, 0.9866498
-0.31257147, -0.46228883, -0.82981205
0.544733, 0.0597033, 0.83648163
