-0.8298555, 0.3642086, -0.42199782
-0.6284397, -0.3154481, 0.24600165
-0.12108953, -0.6691416, 0.35693294
-0.5350153, -0.83510494, -0.0
-0.37213844, -0.25994056, 0.8489174
0.9010998, -0.41204712, -0.0
-0.1857858, -0.98080456, -0.0
-0.27700332, 0.0033073127, 0.65995425
7.4783294E-4, -0.023345008, -0.022695407
-0.12761594, 0.19129542, 0.95827866
0.42226583, -0.20354494, 0.81966877
0.016848266, 0.95947623, 0.28118962
0.052166704, -0.22279632, -0.38183743
0.9611532, 0.19725977, -0.19057326
0.61525315, -0.6592753, -0.0077867163
-0.0996442, 0.17380211, 0.97193056
0.30555725, -0.19312105, 0.8909679
0.40636626, -0.8755506, 0.0012597921
-0.10699935, 0.041685555, 0.99292845
-0.8189615, -0.29123104, -0.35592973
0.53384036, 0.8355541, 0.0
0.054443277, 0.038051385, 0.12181753
-0.02917733, -0.7458915, 0.54555184
-0.5010275, -0.64135474, 0.57449317
-0.6553801, 0.5236011, 0.5440519
0.97416973, 0.18073332, 0.002477888
-0.8702474, 0.3517594, -0.0
0.16691338, -0.49536446, 0.8054668
0.92246413, 0.37767974, -0.0
-0.10880783, -0.20764914, -0.90939474
-0.46552706, -0.59165025, -0.0
-0.80254215, 0.5164163, -0.0
0.2743725, 0.8918617, 0.0
0.6394853, -0.6563748, -0.0
0.761808, 0.15760322, 0.056875244
0.10121769, -0.9892402, 0.009652291
-0.22968009, -0.27027282, 0.1574195
-0.9393164, -0.32257518, -0.0
-0.32585305, -0.8661511, 0.26012033
0.7319321, 0.6788759, -0.0
-0.6619327, -0.7493643, -0.0
0.69764596, -0.26554418, -0.0
0.41097102, -0.419255, -0.0
0.16990641, 0.3994526, -0.8248253
-0.943337, -0.0058003217, 0.18615131
-0.24726681, -0.13920528, 0.9070715
0.0032213982, -0.9304903, 0.35519814
-0.91862255, -0.048880696, 0.021997927
-0.6079866, -0.79152715, -0.0
-0.06043318, -0.26835006, -0.7398306
0.48727775, 0.043370634, 0.61718774
-0.4656194, 0.65596277, 0.5173846
-0.33906808, -0.867863, -0.0
0.82207507, -0.4158804, -0.0
0.1632159, -0.81928897, 0.530736
0.72033995, 0.5965644, 0.0
-0.17973956, -0.66641605, 0.65003824
-0.028840784, 0.12623978, 0.9476625
3.418289E-4, 0.48022047, -0.8009747
-0.42226344, 0.52364355, 0.7359207
-0.43539307, 0.5710048, 0.69597876
-0.551866, 0.45723382, 0.64901316
0.5243825, -0.75289214, -0.08829732
-0.11616267, -0.02933845, 0.90461814
0.78214836, -0.08955019, -0.0
0.9816022, 0.15522856, -0.0
0.07821205, -0.18252625, 0.9791492
0.37882465, 0.13670394, 0.91301394
-0.9774291, 0.21098767, -0.0
-0.2953267, 0.4826465, 0.8165448
0.5841216, 0.16290483, 0.78985655
-0.76183254, 0.6243149, -0.13308921
-0.29017743, 0.4311949, 0.48920232
0.21368603, -0.25838327, -0.8605045
0.031340715, 0.0798068, 0.86949587
-0.7658494, -0.63520145, 0.009533357
0.28724897, -0.8275119, -0.4103397
0.52400607, 0.38378975, -0.09079793
0.13947597, 0.24513626, -0.9061244
-0.03335408, -0.45703295, -0.8658779
-0.4009235, -0.5652918, 0.7152479
0.43474188, -0.5959686, -0.0
-0.5737572, 0.5645696, -0.59188855
0.44188622, 0.625627, 0.5629385
-0.023735799, -0.56613785, 0.81887627
-0.039822534, 0.15973848, -0.09520383
-0.08593753, -0.0753102, 0.39828423
-0.822448, -0.1497103, -0.0
-0.63669944, 0.0915805, 0.7626523
0.06295456, -0.78410417, 0.5337524
-0.42507023, -0.34416252, 0.81138456
-0.09013963, -0.1827738, 0.6122826
-0.8887565, -0.45818564, -0.0
0.5358153, 0.78130215, 0.020803656
-0.25576875, 0.25839698, 0.9314586
0.115414366, 0.02298405, 0.9853467
0.013192283, -0.8887497, 0.45784533
0.7859734, -0.25373852, -0.0
0.4097757, -0.88666695, -0.0
-0.023934655, -0.08811711, 0.36569232
-0.89513445, -0.2201359, 0.27575994
-0.07422612, -0.11492911, 0.48819798
0.8460003, 0.41650727, -0.24453071
0.5955401, 0.20394956, 0.77692926
-0.8791909, -0.43936396, -0.0
0.89555645, 0.44488427, 0.0
-0.049136307, -0.041834977, 0.96417433
0.42232427, 0.12349517, -0.66552794
0.7512448, 0.6453308, -0.1243101
-0.45927006, -0.2112164, 0.17648599
-0.5635263, 0.20843199, 0.7847434
-0.123704694, 0.30999973, -0.64838696
0.8380833, 0.028332073, -0.34983468
0.39540273, 0.9151539, -0.013808327
0.32907116, 0.237665, -0.89963037
0.47247538, 0.8794697, 0.03792623
0.5916886, 0.8018051, 0.0
0.08604812, -0.73012704, 0.62566715
0.057482943, 0.09314825, 0.792889
0.8067398, -0.47538114, -0.0
-0.26022843, -0.20111212, 0.8514483
0.68590796, -0.28118595, -0.0
-0.37726417, -0.2377458, 0.66212237
-0.07309857, -0.010128636, 0.07701382
0.16206494, 0.73293114, -0.49309596
-0.47962445, -0.2760023, 0.5626345
-0.13188444, 0.6682105, 0.730149
0.36962083, 0.8067441, -0.45401117
0.8627998, -0.42324826, -0.020614982
0.5763288, 0.8113471, 0.013640119
0.14546257, -0.3813614, -0.0
-0.32686582, -0.7003867, -0.6245559
0.29044378, -0.56826055, 0.7538128
0.3518014, 0.15774727, 0.6107001
-0.08481163, -0.3973843, -0.0
0.4577305, 0.24628155, -0.0
0.21733963, 0.55930704, 0.54630446
0.7237104, -0.016644232, 0.29541296
-0.05369597, 0.14000547, 0.9768739
-0.34308067, 0.18128774, 0.84152555
-0.029095877, -0.99459195, -1.037014E-4
-0.5335385, -0.31157944, 0.628858
-0.24916174, 0.354476, -0.8803401
-0.8883327, 0.44236863, -0.0
-0.4873154, 0.060335845, 0.3517387
0.89129496, -0.24027684, 0.38451952
-0.008232156, -0.6054817, 0.79578656
-0.6090727, -0.46648154, -0.0
-0.22693434, 0.38614672, 0.73737425
0.40815496, -0.1810394, 0.8759581
-0.12626901, -0.3630413, -0.9228424
-0.37123027, 0.50497496, 0.7332626
-0.018364884, -0.78586847, 0.6163821
-0.026956778, -0.73486483, 0.5581271
0.34992483, 0.44357032, -0.7956847
0.9781067, -0.10513906, -0.0
0.020874914, -0.8046663, 0.5192237
0.14999874, 0.0066218674, 0.98706096
-0.21090502, -0.7963617, 0.4964343
0.95021695, 0.046434212, 0.0
0.48309126, -0.046510383, 0.8585378
-0.7147664, -0.63719976, -0.0
0.7536275, -0.6522431, -0.0
0.07483733, 0.23288323, 0.11283611
-0.34412754, 0.01345735, 0.9008608
0.4865703, 0.73585117, 0.30703297
0.47117466, -0.5668156, 0.6539016
0.49753243, 0.30764738, -0.81056416
0.50921434, 0.8559289, -0.0
0.03937171, -0.92272353, 0.3756486
-0.019943766, -0.829543, 0.06079439
0.7354673, -0.17031914, 0.5533359
0.121361196, 0.96765053, -0.0
-0.8392428, -0.51495427, -0.0
-0.29288352, -0.40511745, 0.6801142
0.092799835, -0.29386243, 0.9420038
-0.37680748, 0.1321514, -0.15875882
0.4050628, -0.0570198, 0.80726945
-0.86359304, -0.24758287, -0.0
-0.18475032, 0.5676035, -0.33726573
0.2924508, 0.1228164, -0.9165665
0.2999774, -0.1671892, 0.88766414
-0.18751396, -0.0447695, 0.69723463
0.47822863, -0.3644998, 0.79884136
0.77664745, -0.6149194, -0.0
-0.22175401, 0.139136, 0.7432994
-0.6682375, -0.7379961, -0.0
0.33684692, -0.61820287, 0.6944994
-0.91433305, -0.1896849, -0.35244456
-0.9756072, -0.07098807, -0.0
0.06839676, -0.033418715, -0.16640446
0.46707094, 0.6712015, -0.0
0.07712548, -0.029246058, 0.99550533
0.30382985, -0.9101753, -0.016001403
0.064439505, 0.053694278, -0.95688283
0.17165285, -0.08863297, 0.95034695
0.47293365, 0.017650977, 0.11870335
0.017824177, -0.57381076, 0.8102576
-0.5176706, -0.6504254, 0.5108337
0.5698063, -0.5707042, 0.59053266
0.88797635, 0.45137393, -0.008066874
0.32807714, -0.19719513, 0.8710822
0.9405301, -0.27228725, -0.0
-0.71655893, -0.11692861, 0.09036471
-0.96194834, -0.24387692, -0.0
0.005601302, -0.03447918, 0.4050536
-0.5746817, -0.8183515, -0.0
0.0074012633, -0.91670346, 0.39949262
0.53330284, 0.68676734, -0.0
-0.121985674, 0.27777165, 0.9442861
0.690993, 0.15183699, 0.6253497
0.32269, 0.58732414, -0.18184352
-0.28086108, -0.042000152, -0.9425678
-0.118377276, -0.33669463, -0.31660455
-0.9740326, -0.06880479, -0.1304381
0.32184872, 0.6979097, 0.22008699
0.86733466, 0.49555716, -0.013333337
-0.45424992, -0.5794239, 0.6672091
0.21383174, 0.59044486, -0.5537862
0.5034077, 0.8546279, 0.013410294
0.007471904, 0.2996054, 0.6393568
0.6544411, -0.72316724, -0.0
0.075662896, -0.04722441, -0.9710952
0.01612164, 0.033334956, 0.35579377
-0.70068854, 0.26631746, 0.5562705
0.967812, -0.022197962, -0.0
-0.715288, 0.56176955, 0.22994731
-0.3917571, 0.17746878, 0.89852357
0.59749895, -0.0025409907, -0.80180484
-0.12671596, -0.6132855, -0.7541307
0.17378272, 0.0648941, 0.9655296
0.725477, -0.5171876, -0.0
0.81722486, 0.55405766, 0.0
0.48630312, 0.87064916, 0.03170964
0.29587144, -0.2599321, -0.0
-0.21006508, 0.23858893, 0.92067814
0.020754613, -0.8158072, 0.5230126
0.9554228, -0.09249799, 0.2781167
0.03599006, -0.112599164, -0.99133474
-0.40949032, 0.20222107, 0.059508603
-0.23848027, 0.71501267, 0.6570048
0.0279149, 0.12982066, -0.97492373
0.008065284, -0.9355344, 0.27191123
0.7507174, 0.25247064, 0.60008574
0.028255299, 0.38039672, -0.74229133
0.053573746, 0.09503438, 0.080871254
0.33807084, -0.029623501, -0.5151023
-0.50105846, -0.09745857, 0.5899357
-0.4520373, -0.06930673, 0.4763763
-0.9905981, -0.13422585, 0.02361691
-0.267951, 0.43330798, 0.85818154
0.83666277, -0.24229082, -0.43328914
-0.36045104, -0.46796983, 0.59437275
0.82239234, 0.5688709, 0.0
-0.5108177, 0.5700457, -0.6420671
0.88121194, 0.4727127, 0.0
0.37414536, -0.3602025, -0.0
-0.47097617, 0.109306574, 0.74572086
-0.03659016, -0.013452031, -0.42262825
-0.9510799, -0.30738747, -0.0
0.07887239, 0.10210119, -0.61905175
-0.9967375, -0.051048614, 0.019983675
0.98613065, 0.15926592, -0.0
-0.66072404, 0.5377049, 0.5152642
-0.8067422, -0.25077215, -0.40718627
0.49754888, 0.7975211, -0.18791527
-0.9068889, 0.20680511, -0.0102929585
-0.16653514, -0.38967505, -0.6620179
-0.8711681, -0.48354405, -0.0
-0.027795903, -0.8367752, 0.54255897
0.24673638, -0.10565812, -0.78343046
0.40260115, 0.6147559, -0.6640792
-0.41037637, 0.03711139, 0.91055524
-0.36339766, 0.7674262, -0.0037718855
0.64680827, 0.44563738, -0.0
0.08418871, -0.005979069, 0.9889834
0.471268, -0.694322, -0.085337505
0.7489189, -0.26097125, -0.0
0.07171589, -0.01321185, 0.8158459
-0.47804728, 0.67665726, 0.5578377
0.54824466, 0.21135314, 0.46425083
0.23554832, 0.9611276, -0.0
0.0057967044, -0.8743825, 0.36624566
0.06996155, 0.009869292, 0.52644753
0.13620037, 0.016864266, 0.9894247
-0.9314786, -0.3415746, -0.025706664
0.061984196, -0.35858855, 0.5760968
-0.70502806, -0.46803492, 0.50364435
0.2190822, 0.67575383, -0.7034285
0.15515226, -0.029866546, -0.82663137
-0.2173809, 0.0787389, 0.92661464
-0.002763614, -0.07894464, 0.7085673
-0.3886078, -0.76969457, -0.499863
-0.13558778, 0.72584003, -0.47937182
0.02875575, 0.37153563, -0.90885085
-0.16241537, -0.15056996, 0.9604528
-0.44280797, 0.24007642, 0.8545023
0.05643744, -0.53315294, 0.84349597
-0.11087355, -0.075611934, 0.9203904
0.7074424, -0.58499795, -0.0
0.04342618, 0.08723362, 0.72415197
0.67556727, 0.074789256, 0.02165071
0.12354483, 0.98422533, -0.0
-0.99569756, -0.05048364, 0.055656627
0.67106795, 0.011448249, 0.74111676
0.12739791, -0.11849007, 0.96253747
-0.40171623, -0.5123647, 0.58965695
-0.49320135, 0.022140332, 0.8377001
-0.65145904, 0.66331226, -0.0
0.058419686, -0.5033042, 0.856553
0.03807939, 0.21394631, 0.924951
-0.5021741, 0.7003265, 0.50590265
-0.31978124, -0.38552698, 0.2923336
0.4650563, 0.6929702, -0.42580503
0.29103258, -0.04590106, 0.6467679
0.24090065, -0.9678492, -0.0
-0.73450094, -0.6429112, -0.0
0.36115682, 0.3311499, 0.7252326
0.117020644, -0.60397583, 0.73442894
-0.91374236, 0.086687915, -0.0
0.76673067, 0.61563116, -0.11407724
-0.578528, 0.66234154, -0.32160425
0.13583177, -0.09134899, -0.0
-0.91258425, -0.33287334, -0.22239748
-0.13727199, 0.1624921, 0.049044043
-0.19753405, -0.24808325, 0.32541794
0.13578527, 0.6296856, -0.67298037
0.95532477, -0.23662251, -0.0
0.04229083, 0.224792, -0.102794915
-0.4396902, -0.14824598, 0.78641516
0.38135976, -0.9142381, 0.113549
-0.57264256, -0.3364582, 0.74510396
0.46673933, 0.746731, -0.41625068
0.44816646, 0.86223066, -0.0
-0.69645756, -0.65793097, 0.0062670764
-0.60431886, -0.19899106, -0.068673015
0.2777333, 0.95837426, -0.013977663
-0.066522285, 0.0733199, 0.76495063
-0.2306459, 0.15443283, 0.9597908
0.9154222, -0.39010462, 0.011349354
0.035577685, 0.2179369, 0.9743654
0.111094415, 0.024635501, 0.99260473
0.02026371, 0.066075705, 0.7156569
-0.23546614, -0.43316132, 0.13952565
-0.46207538, 0.5998851, 0.65270007
0.057994522, -0.752918, 0.019274216
0.77979064, -0.6240763, -0.0
-0.12537444, -0.3061363, -0.67778397
0.9022316, 0.030412931, -0.38092953
0.20400685, -0.044357017, 0.9770532
-0.23009245, 0.3397725, 0.8921356
-0.028863221, 0.1180127, -0.90580094
0.08905587, 0.37362605, 0.916544
0.2455194, -0.28834882, -0.9174584
-0.30682057, -0.9498838, -0.0028815009
-0.5851486, 0.71954703, 0.31249875
-0.24818347, 0.18485248, 0.9422765
0.080108754, 0.71565485, 0.036142215
-0.13147672, 0.13590524, 0.9586954
0.65326023, 0.15245403, 0.04884745
0.7119076, -0.6991558, -0.0
0.11598941, 0.09457041, 0.9444667
0.059289142, -0.3058959, -0.9168893
-0.4295096, -0.051043257, 0.86990005
-0.6121788, -0.7448767, -0.025988944
0.8405488, -0.52781755, -0.0
0.17774212, 0.55502963, -0.79359853
-0.6859167, 0.027906425, -0.27865764
-0.061216123, 0.1805273, 0.9555289
0.10786849, 0.11426009, -0.916906
-0.10015559, 0.48988616, 0.8046458
0.80974555, 0.34446654, 0.34216917
0.9238553, -0.30912328, -0.0
0.51765054, 0.746202, -0.22907302
0.9316905, 0.36282414, -0.0
0.32263035, 0.4329441, 0.70543873
0.81144035, -0.4347525, -0.0
-0.08887543, -0.050791655, 0.9929995
-0.052732237, 0.55658215, -0.2256754
-0.8577094, -0.5141246, -0.0
-0.091175556, -0.5081851, 0.8113231
0.063761584, 0.08811253, -0.99338603
0.07381467, 0.11737342, 0.7088148
0.36427185, 0.9167112, 0.004351522
0.07967721, -0.15165624, 0.9490019
0.56079197, -0.21037243, 0.29011145
0.63652134, 0.75157595, 0.0
-0.7432311, -0.37180322, 0.2774984
-0.7942397, -0.34459096, -0.26415908
0.95981365, -0.083666295, -0.0
0.022194214, 0.22719923, -0.6590561
0.5733607, -0.54990035, 0.58016527
0.649324, -0.44168347, 0.3483334
0.7449591, 0.33598858, 0.11191438
0.08613086, 0.38568693, 0.87813777
0.28476366, -0.79100895, -0.43523768
-0.39542824, -0.2248179, 0.43479612
-0.4944793, 0.6752628, 0.39348596
-0.6660818, -0.08399606, 0.36934674
-0.23345596, 0.39907116, 0.8820791
-0.24262218, -0.77922255, -0.0
-0.46166456, -0.28317115, -0.31767118
-0.028396528, -0.7946457, 0.5742085
-0.33717996, 0.18653989, 0.9206648
-0.70111, -0.38269252, 0.6016564
-0.96345884, -0.17429805, -0.0
0.14836833, 0.19645771, -0.72707653
0.3762209, -0.16630584, 0.88846195
-0.34926036, 0.5350172, 0.70196414
0.46040168, 0.8851057, -0.0
0.6210353, 0.21810484, 0.75248766
-0.38136587, 0.5197965, 0.76126665
0.28956223, 0.020086564, -0.8396294
-0.04820734, -0.06763389, 0.7996238
-0.551236, -0.32838413, 0.76544535
-0.07859338, -0.7666906, 0.06440744
0.072650366, 0.08222297, 0.87093115
0.37019682, 0.16288948, 0.09894955
0.406286, 0.5543134, -0.7252662
-0.87327445, -0.47546512, -0.0
0.18077904, -0.9785865, -0.0
-0.52270776, -0.8462388, 0.061082713
0.74031824, -0.6042151, -0.0
0.025760612, -0.8088654, 0.57793415
0.39884427, 0.81096804, 0.39320943
-0.28071314, 0.5089644, 0.40703282
-0.88367635, -0.31832287, 0.22760555
0.20000173, 0.92226815, 0.21852782
0.22690226, -0.18654938, 0.954898
-0.023012672, 0.1355958, 0.6624918
0.25223538, 0.87693167, -0.08242423
0.74098724, 0.10810132, 0.58780223
0.50928056, 0.8575128, 0.06840217
-0.8091827, -0.57915974, -0.0
0.23744957, 0.5467455, 0.25231254
-0.06447997, 0.028043743, 0.97534674
-0.0068462044, -0.9183647, 0.27786094
0.7254415, -0.03504782, 0.6211363
-0.5217174, -0.85198665, -0.0
0.23612975, 0.30717826, -0.7507686
0.14075878, 0.1082315, 0.35859188
-0.51240516, -0.31319338, 0.7959526
0.076356776, 0.037255693, 0.27686465
0.1885725, 0.47574514, -0.8251699
0.09674895, 0.69690317, -0.37921298
0.56530863, -0.703503, 0.23722479
0.6371377, -0.34923062, 0.31988844
-0.25290442, 2.277419E-4, 0.8566651
-0.4533022, 0.6509574, 0.5938664
-0.05377387, 0.09636025, 0.9596292
0.32207835, -0.12085973, 0.109235
0.3402102, -0.45709926, 0.8212598
0.21954978, 0.31479675, -0.840115
-0.81241524, -0.5830701, -0.0
0.47376978, 0.8272671, 0.28847146
-0.21131411, -0.06874316, -0.009675026
0.6359846, -0.7709802, -0.0
-0.7242074, -0.68527365, -0.0
0.30486292, -0.050363205, -0.005438976
-0.27509612, 0.3467417, -0.89229804
0.17651145, 0.5228527, -0.55697906
0.7456324, -0.64898676, -0.0
-0.14769495, -0.020422999, 0.9663979
0.6375131, 0.7287332, -0.0
0.81650174, -0.5652841, -0.0
-0.36813676, -0.9086436, 0.011928596
-0.6460818, -0.27035955, -0.32071057
0.41252443, -0.16316314, 0.8959905
0.8203914, 0.5717526, 0.0
-0.6426902, -0.7138905, -0.0
-0.24085689, 0.59847337, -0.25034544
0.5679156, 0.8203397, 0.018122872
0.45901093, -0.88041824, 0.02055035
-0.4255289, 0.022031289, -0.0
0.5262472, -0.84817684, 0.016171424
0.5855033, 0.61924917, -0.46737677
-0.62342745, 0.6288391, -0.46220326
0.17514607, 0.12026195, 0.77200174
-0.44952625, -0.16650473, -0.86783946
0.24725178, 0.39921105, 0.83315367
0.21162242, 0.13392705, -0.9335707
-0.4997747, 0.010346053, -0.60817176
-0.56495315, -0.8251228, -0.0
-0.23043203, -0.29540387, 0.35014546
0.06925027, -0.7951243, -0.014120771
-0.9315445, -0.046371713, -0.08764143
0.052338988, -0.32001522, 0.93137205
0.14822513, -0.0060590357, -0.9839759
0.26915577, 0.05517995, -0.9566332
-0.99955714, -0.023952417, -0.0
-0.3867521, 0.5799047, 0.68570375
0.19140771, -0.14238647, 0.49722904
0.0077235326, 0.1823838, 0.85321295
0.34396568, -0.23377843, -0.0
-0.9808114, 0.13620216, 0.023261312
-0.0130683575, -0.060197853, 0.84283614
0.5444864, 0.83580875, 0.0
0.0125341695, -0.82419723, 0.42810768
-0.624332, -0.7743252, -0.0010669255
-0.90773314, 0.11910913, -0.0
0.75267595, -0.08134116, 0.0079775695
-0.3185615, 0.84901077, -0.41201216
0.5077313, 0.84138525, -0.009768609
0.87274593, -0.23518215, 0.4275422
0.8570579, 0.48091793, -0.17446573
0.037519388, -0.72320396, 0.68774784
0.39063394, 0.26587254, 0.1631603
-0.47832766, 0.6348542, 0.4850343
0.018940618, -0.82756597, 0.5057154
-0.67149144, -0.013491739, 0.63901794
0.40324783, 0.56773496, -0.5872946
-0.21615802, 0.08488801, 0.71547097
-0.36577705, 0.50968635, 0.7785654
0.060101673, -0.053238757, -0.90496814
-0.015159478, 0.033396654, 0.34960586
-0.8472381, -0.49762726, -0.1633202
-0.69102204, -0.55142474, -0.0
-0.94016373, -0.31730407, -0.0
0.25727245, -0.4861729, 0.64249563
-0.8393888, -0.53273994, -0.0
0.12501329, 0.058659896, 0.95950186
-0.61274993, -0.775787, -0.0
-0.35301632, 0.68283045, 0.62475276
7.3891506E-4, 0.09370102, -0.99275804
0.8325622, 0.14486411, -0.08226138
0.028123002, -0.8810613, -0.0
-0.66962636, -0.7406194, -0.0
-0.036356013, 0.12496865, 0.9896568
0.046201013, -0.6092335, 0.74944985
-0.060482368, -0.33287972, 0.6563643
0.56343526, 0.4940769, 0.65367746
0.8365857, 0.030243706, -0.0
0.08515413, 0.044474162, 0.99311054
0.21513598, 0.10181339, -0.5838924
0.05102522, 0.077187516, 0.78773594
0.2462004, -0.65777427, 0.67338395
-0.98047835, -0.19199826, -0.0
-0.31004798, 0.002545774, 0.901026
-0.009402444, -0.78869075, 0.16011499
-0.020969398, 0.088486895, 0.9024292
0.16580608, -0.30284172, 0.9179032
0.98374426, -0.1785273, -0.0
0.0467673, 0.07778646, 0.98663116
0.95190823, -0.15961446, -0.26148686
0.32988527, -0.87017125, -0.05951772
0.14403865, -0.8627608, 0.38183984
0.5512624, 0.34846836, -0.6182253
0.042268362, -0.07715848, 0.8127841
0.85509205, 0.2039497, -0.45736188
0.118544966, 0.1151884, -0.7244537
0.38992348, 0.12094362, 0.6425688
0.0049298555, -0.92565155, 0.3752992
0.01137059, -0.8858441, 0.43549767
0.2855012, 0.89966744, 0.019193176
-0.99442226, 0.07198762, -0.0
-0.9731355, -0.18018876, -0.0
-0.12441785, 0.07583469, 0.6628114
0.6158649, 0.19223277, 0.0
0.20275076, 0.3710105, -0.90308696
0.27340287, 0.9588285, 0.006633121
-0.010857057, -0.67461437, 0.672597
0.24097887, -0.08487311, 0.87582624
-5.020462E-4, -0.9170191, 0.3069526
0.3319199, 0.94299424, 0.02360431
-0.07823861, 0.43459547, 0.22721124
-0.72969085, 0.65380657, 0.18945453
0.13832921, -0.024852384, 0.9892177
0.07583363, -0.09957544, 0.8941612
0.39589092, 0.32253394, 0.8529355
0.27642608, 0.35050836, -0.89101255
-0.03382528, 0.094961055, -0.49772036
0.12217945, 0.23852316, -0.44095743
0.9116335, 0.2618071, 0.3045711
0.45290017, 0.5081595, 0.6253285
0.11028139, 0.001124816, 0.8626915
-0.9705325, -0.18747713, -0.0
-0.4855617, 0.19953236, 0.5117934
0.61161005, -0.78835845, 0.014109276
-0.9912815, 0.12665679, -0.0
0.9323548, -0.050098605, 0.33861297
-0.027406162, 0.82612926, -0.0
0.9464278, -0.068705045, -0.0
0.6305412, -0.5230064, 0.54179156
-0.61620253, 0.40703672, 0.56829995
0.641997, 0.76305676, 0.02088521
0.38890198, 0.3158329, -0.8340683
0.08408792, -0.025030429, 0.99430096
0.32564023, -0.9437768, -0.0
-0.5188832, 0.31022942, 0.78800976
-0.43844104, -0.76989347, -0.3103571
-0.015800215, -0.2102869, 0.13378212
-0.31288886, -0.8880089, 0.3366748
0.34901255, -0.16278452, -0.92186844
0.7104765, 0.7034785, -0.0
0.6768655, 0.24485041, 0.6198975
0.24516004, -0.09053364, 0.80695546
-0.08538126, 0.23697956, 0.96760327
-0.36547622, 0.88498235, 0.059386782
-0.121026136, -0.022915633, 0.36976302
0.016064337, 0.084575824, 0.9949314
0.38507426, -0.051647104, 0.8313
-0.35502008, -0.08639182, -0.44389105
0.061353754, -0.3549608, 0.8877222
0.2569967, -0.26144323, 0.88181806
0.11378051, -0.040272318, 0.9910469
0.513562, 0.85391355, -0.0
-0.059618004, -0.915028, 0.35846934
-0.19160913, -0.7681439, 0.6093726
0.0714382, -0.165182, 0.8938211
0.28952873, 0.26881912, 0.9129161
-0.100968845, 7.4051553E-4, 0.048390232
0.9626798, -0.17040937, -0.0
-0.102813974, 0.9350606, -0.0
-0.46843424, 0.41669807, -0.058926165
0.593308, -0.78496057, -0.00898437
0.028970586, -0.7899577, 0.60911167
-0.14355479, -0.9632197, -0.0
-0.05178249, 0.08472678, 0.9949208
0.15946442, 0.31888196, -0.9300441
0.023395661, 0.10049836, 0.9851296
-0.630203, 0.76282215, 0.14445728
0.66814494, -0.40952057, 0.6206317
-0.324992, 0.15049824, 0.9293643
0.9260168, -0.13667904, -0.0
0.1805982, 0.14135082, -0.94536585
0.6274268, 0.46487734, 0.5841243
0.0524607, 0.12985177, -0.0103313625
0.20082363, 0.031191781, 0.619821
0.46595773, 0.74172616, -0.40104797
0.5851315, -0.58112997, 0.44051862
0.27473575, 0.77857625, -0.31459
0.040409468, 0.07433156, 0.994061
-0.46328604, 0.8146195, -0.13539186
0.9687809, 0.24790584, -0.0
-0.06679344, 0.11098197, 0.989219
0.15409933, -0.43471655, 0.8401104
0.0051661506, -0.06570783, 0.7671056
0.044292822, -0.4642862, -0.8812749
0.1923571, -0.73540944, 0.46629715
-0.11109996, 0.43885982, 0.4653349
0.50793386, 0.7861775, -0.34474954
0.93201035, -0.092364594, 0.29141653
0.9754478, 0.21236645, -0.0
-0.6931389, -0.6300616, -0.0
-0.7104281, -0.27029192, -0.6397024
0.723856, -0.19056572, 0.024312222
-0.95638525, -0.014522687, 0.05184792
0.8862903, -0.2701261, 0.0068555824
-0.61509633, 0.03441984, -0.0
0.07940258, -0.03214824, -0.85886586
0.18765938, 0.36567327, -0.5994844
0.9081313, 0.4186846, -0.0
0.6983289, 0.6983141, -0.12793131
0.17520514, 0.4460482, -0.7155553
-0.7596047, -0.64338, -0.0
0.4855924, 0.8733507, 0.013437681
-0.45108935, -0.45052198, 0.6466127
-0.404975, -0.40877002, 0.5823945
0.4534911, -0.7549365, -0.0
0.49659976, -0.41487977, 0.19511697
0.00882487, 0.12332263, 0.82288545
0.61852336, 0.4144956, -0.5888545
0.25125661, 0.17897496, 0.6421163
-0.68513316, -0.29657564, -0.23547277
-0.5664683, -0.5846095, -0.0
0.70068467, 0.6836309, -0.0
-0.22081354, -0.8240078, 0.49324527
-0.118464135, -0.08548065, -0.34625685
0.060814895, -0.44839, 0.8658945
0.3643076, 0.83961314, 0.027393252
5.446691E-4, -0.9425909, 0.32794762
-0.33538654, 0.29791272, 0.88183844
-0.6866897, -0.34924564, 0.58794487
0.80245864, 0.576865, 0.0
-0.064743176, -0.5101686, 0.63328755
-0.0687745, -0.63951784, 0.62460774
-0.7293668, 0.57304853, 0.28868562
-0.047392003, -0.7594018, 0.27767912
0.37094185, 0.21809644, 0.8908401
-0.13718568, -0.21247429, 0.9159237
-0.08529414, -0.035241894, 0.9584179
0.4629841, -0.196537, 0.86258954
-0.9381064, -0.34558034, -0.0
-0.72796416, -0.38790625, 0.30901894
-0.51028293, -0.8589743, 0.013453404
0.2367538, 0.22553527, -0.045897424
0.6771565, -0.069902755, 0.0054054228
0.8309485, 0.3730198, -0.008000034
-0.30502823, -0.11833124, 0.47530836
-0.8793429, -0.13534044, -0.0
-0.6036973, 0.4994604, 0.61962193
-0.84967524, 0.34912896, -0.0
0.14877053, -0.0027220622, 0.988394
0.39019713, 0.6656969, -0.25504613
0.049966335, -0.06496494, 0.93796486
-0.3850699, 0.39835897, -0.81826687
0.20255774, 0.97871435, 0.02381996
-0.8095019, -0.5610928, 0.021609284
0.40278837, 0.9092895, 0.0
0.6256252, -0.4001869, -0.592566
0.5178597, 0.03820643, 0.62745947
-0.3477498, -0.22710142, 0.6948371
0.18859968, 0.44783756, -0.7479436
-0.9578027, 0.10485984, -0.0
-0.009829082, 0.09056088, 0.9780742
0.72962177, -0.23176491, 0.42262995
0.9837683, -0.1135821, -0.0
0.0841093, -0.3428604, -0.13382217
0.6560039, 0.15646385, -0.0
-0.14862652, 0.03153128, 0.9858766
0.6986304, 0.090472, -0.0
-0.3389256, 0.62560636, 0.6681671
-0.046721824, 0.18828197, 0.97898185
-0.37781823, 0.47164655, 0.7886671
0.84200567, -0.5379487, -0.0
0.4229969, 0.7759484, 0.44406128
0.4668607, 0.11819811, 0.83883315
0.04950855, -0.06015786, -0.8654049
0.35707802, -0.8968253, -2.9802657E-4
-0.030270133, -0.20303579, 0.30055624
-0.6995325, -0.3003901, -0.17900336
0.16760784, 0.3006306, 0.23611471
-0.43399125, -0.8020967, -0.0
-0.92139965, -0.30386767, 0.0010178252
0.13595283, 0.14790282, -0.9003321
-0.2990746, -0.046294816, 0.9417646
0.114668556, 0.17287642, -0.82627517
0.6829036, 0.70712835, 0.0
-0.043443397, 0.11168893, 0.9751808
-0.5664613, -0.27417228, 0.08379465
0.30728894, 0.705873, -0.26496452
0.16100563, -0.16122508, 0.97286755
-0.20352346, 0.3918339, -0.89186
-0.6488086, -0.5634807, -0.0
0.7831544, 0.6148683, 0.0
0.7559962, -0.35375136, 0.017363897
0.08854456, 0.014705816, 0.9938191
0.45581585, 0.013844377, -0.1560137
0.5344406, -0.6184218, -0.058758676
0.38681382, 0.85575974, -0.0
0.35257646, 0.9357183, 0.0
0.41500026, 0.41749257, 0.78401417
-0.7487301, -0.6502135, -0.0
-0.42000604, 0.32688722, 0.7424742
0.73146474, 0.048594162, -0.67364264
-0.80256945, -0.11406177, 0.57006234
-0.030818451, 0.1170885, -0.9637259
-0.16647163, -0.0885982, 0.9498526
0.9850689, 0.04352025, 0.010480916
-0.3958375, -0.525082, 0.74127316
-0.55271614, 0.57773423, -0.5071802
0.7563949, -0.5143122, -0.0
0.24968858, 0.45970494, 0.35681897
-0.17056361, -0.70817125, 0.21495847
-0.61421347, -0.7544418, -0.0
0.59412265, -0.5831725, 0.08261174
-0.35793617, -0.3067138, 0.8484234
0.64780235, -0.40292168, -0.0
0.7235835, 0.43683666, 0.4044659
-0.075185366, -0.45083264, -0.83541155
-0.5577373, 0.8103043, -0.0
-0.16860142, -0.11627023, 0.9783757
-0.69510794, -0.4067401, -0.50975245
-0.064453304, 0.10476779, 0.9793414
-0.19871528, -0.03995873, 0.9396079
0.94446343, -0.27133143, -0.0
0.23083514, 0.12859868, -0.94967264
0.4350344, 0.87759715, 0.0
0.807798, -0.24713291, -0.0
-0.24774688, -0.5110094, -0.80737585
0.62429136, -0.7811665, -0.0
-0.2733916, -0.25267532, -0.15559578
0.35125333, -0.534254, -0.18910217
0.2232573, 0.44299018, -0.4731273
-0.6979128, -0.64673704, -0.0
0.9285138, 0.12524694, -0.2695174
-0.011986449, -0.7937293, 0.007023072
0.57391876, 0.8062241, 0.0
0.7728804, -0.5494443, -0.1425747
0.012954791, 0.08320231, 0.94012296
-0.57077336, 0.7592069, 0.30636233
0.07664227, -0.034377407, -0.9955527
0.5681506, -0.36630353, 0.725765
-0.7031019, 0.385476, 0.595244
-0.7812413, -0.62387466, -0.0
0.5921898, -0.5679212, 0.11501935
-0.21600024, 0.34537905, 0.87917304
0.7474392, 0.6643298, -0.0
-0.049695678, 0.1787691, 0.98195475
-0.4715342, -0.76132184, 0.40972394
0.84049064, -0.18747091, -0.4993347
0.018586757, 0.011020675, -0.11292133
-0.06357608, -0.34955332, 0.90726566
0.0930752, 0.19934742, -0.96045923
0.5605731, -0.5574754, 0.6046018
0.086288534, -0.9358693, -0.007049693
0.0702669, -0.3013489, 0.92718595
0.29458848, -0.012861565, 0.93074405
0.6779644, 0.67083323, 0.002475323
0.696752, 0.10451834, 0.5651973
5.6860596E-4, -0.11109303, -0.9226464
0.2740852, 0.68701375, -0.54645455
0.56570864, -0.32842913, 0.7472043
-0.89207494, 0.07575057, -0.0
0.5372119, -0.024436489, -0.788211
-0.5744617, -0.5827588, -0.0
-0.4282849, -0.2273421, 0.24968353
-0.13065162, 0.17978047, 0.8736619
-0.038484666, 0.15557234, 0.98689866
0.02965229, -0.13155293, 0.97854626
0.3515937, 0.803161, 0.016955808
-0.076481715, 0.15318751, 0.97756946
-0.25024197, 0.90825355, -0.2679457
-0.76666427, -0.38761598, 0.32975778
-0.58679503, -0.20921232, 0.40995175
0.1906439, 0.49111587, -0.3908459
-0.18642952, -0.6184087, 0.70666254
-0.41952175, 0.14837289, 0.8952106
-0.2086254, 0.12509906, 0.67791194
0.36870778, 0.4957257, -0.6653129
0.3598703, -0.1761012, -0.9116241
0.2711763, -0.91638863, 7.345922E-4
0.95355356, -0.2289632, -0.0
0.9009745, 0.16516878, -0.37086934
-0.18988937, -0.5252659, -0.65606076
-0.37556928, 0.5002589, 0.7745671
-0.67542714, -0.37172636, 0.4139468
-0.7147092, -0.12847343, 0.6814289
-0.649781, 0.22056088, 0.012499961
-0.42144382, -0.28221372, 0.83271486
-0.0104789, 0.13130914, -0.05240979
0.0877781, -0.033408675, 0.9954982
-0.7433178, -0.42733598, 0.20707905
-0.9677896, -0.031544093, -0.0
-0.72546726, 0.6561564, 0.20339482
0.44283375, 0.87526876, 0.050344843
0.90830654, -0.3971317, -0.0
0.0915689, 0.03990035, 0.9911783
0.33683866, -0.42737412, -0.6994899
-0.51050955, 0.85198826, 0.108923234
-0.94456667, 0.19411902, -0.0
0.026966572, -0.061454892, 0.7868855
-0.15691432, 0.15409032, 0.8949087
-0.63507044, -0.7715991, -0.0
0.25786218, -0.21352342, -0.74241656
0.5556487, 0.056086943, 0.098732844
0.548721, -0.059380986, 0.8178303
0.02818806, 0.008040759, 0.99922144
0.31094584, 0.36234584, -0.8566461
-0.9960961, -0.07826185, -0.0
-0.6955372, -0.31168228, 0.4596779
0.37322852, 0.5179869, 0.7437414
0.046069015, 0.9313099, -0.0
-0.33892727, 0.10062153, 0.71805745
-0.03388745, -0.90535605, -0.073640965
-0.18288982, -0.25341186, 0.42816523
0.71955514, 0.018993054, -0.29114473
-0.045263328, 0.10468207, 0.99308556
0.07805475, 0.85677385, -0.50932187
-0.12136728, -0.06661848, 0.80855983
-0.2968261, 0.2951284, 0.8945296
-0.29184976, -0.009666756, 0.85448456
-0.3205052, 0.1862011, 0.9271404
-0.98867226, 0.13412102, -0.0
-0.5838745, 0.020925075, -0.31930128
0.70226216, 0.2696345, 0.64197564
0.33689982, 0.9401292, 0.0
-0.08357882, 0.94299626, -0.008145725
-0.38761145, 0.04124246, 0.69775087
0.24069163, -0.8719593, 0.30364028
-0.09836516, -0.01500456, 0.8761457
0.57742935, 0.7989941, -0.0
-0.47313634, 0.67249095, 0.56910074
-0.6087419, 0.2859325, 0.71455675
0.9333797, -0.17509924, -0.0
-0.7046859, -0.07669217, 0.7044265
-0.8822646, -0.42566487, 0.1625463
0.5279861, -0.053168178, 0.011384538
-0.5203976, 0.63032776, -0.18306567
-0.74414665, -0.4394211, -0.0
0.7146065, -0.6961624, -0.0
-0.28952163, -0.10904079, 0.40170848
0.19311377, 0.79978687, -0.0048334748
0.8683589, -0.4901672, -0.07536311
0.59799224, 0.74786866, -0.0
-0.7194413, -0.38674325, 0.55402124
0.53692716, -0.39704642, -0.041041523
0.9196811, 0.3055641, -0.16669638
-0.49787226, 0.027744368, 0.73802835
-0.73183954, -0.5044579, 0.11178553
-0.57864505, -0.6161067, -0.11713119
0.73518944, -0.37608415, 0.5478064
0.042883284, -0.07872961, 0.6753134
0.6014771, -0.7983999, -0.0
0.28210828, -0.19923651, 0.9146931
0.06657957, 0.056325156, 0.99243474
-0.2946748, -0.60458636, -0.732986
-0.17019443, 0.34005472, 0.92147446
-0.2547488, 0.0066030696, 0.91567665
-0.19600186, -0.6229541, 0.6540507
-0.1282809, -0.9325532, 0.33474228
-0.41242903, -0.2108845, 0.20253746
-0.42637056, -0.35062468, 0.80162823
0.015066743, -0.06872927, -0.23933549
-0.16110691, 0.23045078, -0.9498404
-0.64007306, -0.35597444, 0.4867201
0.08780288, -0.18568878, 0.9223629
-0.7866414, 0.11830125, 0.6058933
-0.94392854, -0.3068397, -0.0
-0.13813812, -0.06568135, 0.98221576
0.4977231, -0.86464846, -0.019032158
-0.55718285, 0.06808666, 0.0025088498
0.7226204, 0.6410353, 0.0
0.9028636, -0.42716694, -0.0
0.06434506, 0.56001854, -0.102296785
0.3144283, 0.12196194, -0.48984557
-0.18511711, 0.02534891, 0.97927904
-0.2367551, 0.66697365, -0.54544157
0.13528278, 0.2596221, -0.8296564
0.84083784, 0.41057953, -0.30783707
0.34276423, 0.7066281, 0.6028277
0.4034996, 0.87398386, -0.0
-0.8782795, -0.2615673, -0.0
0.56907296, -0.097760364, -0.39248568
0.9920602, -0.10743345, 0.0028510634
0.18600212, 0.39410788, 0.51625794
0.05168847, 0.06695927, 0.9897489
-0.3484798, 0.37309614, -0.10736421
-0.97636706, -0.004584377, -0.0
0.2924534, 0.0169805, -0.06462752
-0.035871614, 0.11966834, 0.9608647
0.7303196, -0.33118945, -0.0
-0.6010938, -0.7975674, -0.0
0.3939203, 0.21387032, 0.611028
0.4702194, -0.46498442, 0.64226776
0.57800746, 0.81386757, -0.0
0.5262381, -0.16304336, 0.73498887
0.042209037, -0.20154375, 0.95337814
-0.13826272, 0.9714333, -0.0
-0.19571021, -0.44760665, -0.6849286
-0.96584177, 0.03714931, 0.044753864
-0.32611725, 0.3240202, 0.8858027
0.6160336, 0.7367399, 0.23984253
0.3038618, -0.12742886, 0.9441551
0.47011337, 0.1680972, 0.53776485
0.5416919, -0.8335035, -0.0
-0.024938732, -0.34046662, 0.7931328
0.22611535, 0.5039259, -0.6691277
0.60975635, -0.6910337, 0.17593761
0.17707145, -0.57270217, -0.2761551
0.37367177, 0.89194494, -0.2537248
-0.9669685, -0.24532428, -0.0
-0.963097, -0.015893249, -0.0
0.14864483, -0.6057756, -0.3379974
-0.34570915, 0.579028, -0.29316628
0.18907417, 0.54817903, -0.62940496
0.46833265, 0.8666615, 0.02247411
-0.094320565, 0.16321203, 0.963746
0.33081558, -0.038500454, 0.824791
0.2417292, 0.054050036, 0.94399595
0.049206395, -0.010926347, 0.95142984
-0.9093542, -0.41600385, -0.0
-0.28503004, -0.06576617, 0.1510552
-0.07020294, -0.360421, -0.9276392
-0.31941688, 0.32297477, 0.8807994
0.42850962, -0.011233032, -0.46575478
-0.6001092, -0.7301276, -0.0
-0.08319077, 0.452834, 0.0029889275
0.12377183, -0.53675926, -0.0
0.7793615, 0.042432167, -0.6250048
0.4938342, -0.1311844, -0.1779191
0.7715724, 0.23061761, -0.57494044
-0.37042233, 0.9275603, -0.0
0.076366246, -0.81546956, 0.5714656
0.5799573, 0.32638925, -0.6671722
0.3146213, 0.57959926, -0.003275603
-0.8501654, -0.38637394, -0.0
-0.0917235, -0.03644086, 0.9917304
0.46181318, 0.8869654, 0.0
0.47549686, 0.45863727, -0.7010097
0.13042942, -0.067497194, 0.9423101
0.1788477, -0.86399746, 0.46265084
-0.07862291, 0.12585881, 0.93178195
0.3764024, -0.08238726, -0.0
-0.79931533, 0.16593045, -0.31664318
0.26648143, 0.56700325, 0.10500848
-0.4971826, -0.043717016, 0.7488579
-0.179261, -0.4375008, -0.87167305
0.49293172, 0.86064714, 0.0
0.59920174, -0.6409996, 0.45689315
-0.9040442, -0.42568198, -0.0
0.49036577, 0.38090867, 0.12059784
-0.43111247, -0.07274966, 0.1499359
-0.90697134, 0.036953233, 0.110330775
-0.6313169, 0.70653546, -0.22668993
-0.3960297, -0.036314018, -0.8469462
0.2497021, 0.96288836, 0.0
0.063384935, -0.10935767, -0.9912041
0.09128228, 0.099859655, -0.05361244
-0.9922807, 0.06186466, -0.0
-0.017745476, -0.90023243, 0.4320787
-0.5373384, -0.7328155, -0.0
0.66151464, -0.6947211, 0.27008024
0.055089407, 0.22384797, -0.92064095
-0.25014535, -0.025494538, -0.96617955
-0.6100788, -0.24798056, -0.0
0.49998558, -0.48311186, 0.7184987
-0.60477024, -0.007950351, 0.5842913
0.40451157, 0.82413596, 0.0
-0.3311499, 0.11436695, 0.64701927
-0.510216, -0.025500108, 0.3289881
0.14084655, 0.7656596, -0.0
-0.11769766, 0.08859709, 0.95154464
0.2897407, -0.011354059, 0.9428743
-0.06329045, 0.103251874, 0.9161805
0.13474277, -0.7036817, -0.0
-0.80839676, 0.18766312, 0.00836717
-0.72371167, -0.2547346, -0.0
-0.9925235, -0.11043101, -0.0
-0.28562486, 0.30929056, -0.89943224
0.08784846, 0.12024539, 0.988828
-0.81089824, 0.56929487, -0.09800796
0.6690261, 0.5510654, 0.24888758
0.026974794, -0.7897794, 0.5869504
0.008249281, -0.8395886, 0.20728946
0.40808386, -0.21084452, 0.88801014
0.104642116, -0.09431331, -0.8510001
-0.4847849, -0.84818107, -0.14368318
0.56427026, -0.7396184, -0.0
-0.5955123, -0.16581886, -0.7180226
0.42065328, 0.2382206, -0.17312205
-0.14692554, 0.26206207, 0.9532951
-0.79853714, -0.60139275, 0.022710847
0.25294644, -0.075460374, 0.9413964
0.2863034, 0.022674933, 0.95327544
0.7895128, 0.6045079, 0.0
0.7158414, -0.65998876, -0.0
-0.89550406, -0.020029403, 0.01596862
0.0110842055, -0.6814442, -0.26739916
-0.3456111, -0.809409, 0.16467148
0.3473922, -0.14123742, 0.92655927
-0.9226331, -0.032347508, -0.0161502
0.020833308, -0.025440713, -0.6246816
0.1126791, 0.9934795, 0.0
0.04034004, -0.83420086, 0.39065844
-0.3006846, -0.028298683, 0.07459673
0.6209712, 0.7697166, 0.011883199
0.62544096, -0.5259462, 0.47794503
-0.15056823, 0.035548687, 0.9038651
0.7617679, -0.64251107, -0.0
0.2359013, -0.20286345, -0.9457976
-0.84394383, 0.4749887, -0.0
0.43081832, -0.80495554, -0.0
0.054571163, 0.07191216, 0.9932447
0.52041304, 0.8386872, -0.09041759
0.011776224, 0.23619227, 0.93682975
-0.8260312, -0.14468339, 0.23723443
-0.71558046, 0.5063821, 0.41161215
0.58580613, -0.67556906, 0.43021452
-0.19111013, 0.014217999, 0.11303942
0.47617346, 0.7071052, -0.5226427
0.39013273, 0.9157617, 0.0
0.76353747, 0.58633393, -0.0
0.065233335, -0.84273833, 0.53386444
-0.27920896, 0.29381225, 0.9090388
0.5768453, 0.7930461, -0.06441952
0.0029844388, 0.008766683, 0.6324525
0.5271262, 0.8485417, -0.0
-0.7285795, -0.42499778, -0.5338031
-0.5279838, 0.68642515, 0.16752926
0.38174993, 0.26093632, -0.8865353
0.9149456, -0.057111785, -0.36874148
-0.02181424, 0.014117017, -0.5890059
-0.33415636, 0.40982717, -0.59578663
0.7830951, -0.2009488, -0.1406802
-0.20915234, -0.9672166, -0.0
0.3056813, 0.09405662, 0.93607634
0.41625738, 0.29665112, -0.6384269
0.3326608, 0.2773038, 0.67690593
0.2848442, -0.11690579, -0.022622958
0.34489453, 0.11572316, -0.9312003
0.017166946, -0.097588256, -0.80292755
-0.89563537, -0.26648855, 0.015353007
-0.13262981, 0.057457805, 0.93359745
0.5757774, -0.3402986, 0.71627295
-0.9266032, 0.35101685, -0.010739611
0.38013196, 0.7187636, 0.58205056
0.13383861, -0.030536681, 0.9403373
-0.16545323, 0.3071977, -0.26463756
-0.79066885, -0.37477162, 0.041286863
0.4236821, -0.2955129, -0.3635403
0.44464862, 0.47240746, 0.75637734
0.31540304, 0.06351365, -0.9088965
-0.68516386, -0.35189626, 0.35304615
-0.14945816, -0.052734755, 0.32970113
0.047169827, -0.9070295, 0.41804036
0.20649967, 0.6297952, 0.2036378
-0.8210299, -0.45496377, -0.31645992
-0.57333636, 0.48072922, 0.6356693
0.061933137, -0.46138543, 0.88441545
-0.63526624, -0.13506314, -0.1414298
-0.15488383, 0.23445475, 0.78505695
-0.07335695, 0.07596931, 0.94966584
0.21332733, -0.86816496, 0.39679146
0.005762661, -0.39811388, 0.9164247
-0.5271494, 0.2834969, -0.0
0.3689407, 0.9029782, 0.0
-0.049878504, 0.6016055, -0.64018404
-0.99081284, -0.008413397, 0.120948724
0.70931983, 0.27540419, 0.57985467
0.93846214, -0.2126174, -0.043499663
0.47880334, 0.72324044, -0.46667877
-0.6482615, 0.49814844, 0.37653273
0.60689384, 0.3875437, -0.6789847
0.1013649, 0.04913502, -0.90824425
0.85325766, -0.5187422, -0.0
-0.21501859, 0.08500324, 0.7295866
0.5485983, 0.27896792, 0.65538776
-0.052885212, -0.23939815, -0.93210626
0.82975507, 0.02356322, -0.13761672
-0.20119786, -0.4288134, -0.42280352
0.7224808, 0.6817552, -0.0
0.26713043, 0.88868356, -0.0
-0.29083896, 0.19239426, 0.92937607
-0.37990475, 0.61080223, 0.67657197
-0.15165013, -0.2063287, 0.32492694
0.17160407, 0.12139641, -0.9771446
-0.06934023, 0.44824058, 0.6738929
0.005287809, 0.19881478, 0.019515526
0.35141778, -0.30664524, 0.8178725
-0.15288678, -0.10263876, 0.98287743
0.18822296, -0.027694434, 0.97664446
0.03062672, -0.77985215, 0.62507886
-0.8763547, -0.4514881, 0.12101026
0.5558707, 0.5612066, 0.35408714
-0.009565825, -0.09541374, 0.98416346
-0.17607005, 0.032816432, 0.9826945
-0.7378573, 0.5442476, 0.39885926
-0.22032313, -0.6479707, 0.7118991
-0.62724906, -0.76482975, -0.0
0.7364121, -0.40866357, -0.0
-0.3846701, 0.7065196, -0.59376025
0.6927269, -0.70494664, -0.0
0.30654356, -0.1170386, 0.90484154
0.5873448, -0.32686436, 0.73293906
-0.1658039, 0.3889915, 0.8859267
0.737825, -0.31878626, -0.0
0.061896436, -0.8623104, 0.49538332
0.03807366, -0.3768828, 0.86463726
0.86839455, 0.40739506, -0.0
0.015560381, -0.049387846, 0.4491496
-0.17435278, -0.1473543, -0.1797716
-0.9479993, 0.13747804, 0.043982945
0.1995021, -0.06962494, -0.9223011
-0.92109555, 0.14310692, -0.0
-0.8890973, -0.444342, -0.0
0.8449209, -0.49878618, -0.123745
-0.87841314, 0.45851752, -0.0
-0.3868094, 0.5188324, 0.7510438
0.1174684, 0.026448086, 0.9788412
0.66454285, 0.04547054, -0.7457719
-0.87279636, -0.4866374, -0.0
0.5261804, -0.14564916, 0.81672543
-0.52461463, -0.38146937, 0.7570617
0.81559324, 0.20823726, 0.5376276
0.03322668, -0.8599269, -0.30507198
-0.37030715, -0.031408012, 0.8969657
-0.98732674, 0.060757216, -0.0
0.31048265, 0.71618515, -0.4188738
-0.37279764, -0.91556185, -0.0
0.39138365, 0.62727785, -0.22263798
0.82930094, 0.032527003, -0.55512035
0.4095823, 0.5666795, -0.7109134
-0.03910673, -0.83532166, 0.53677243
-0.3502302, 0.5427398, 0.7533565
-0.037257556, 0.13915868, 0.98518836
-0.91833526, -0.3670919, -0.0
0.25949878, -0.15668276, -0.9345435
0.2718299, -0.0063430667, 0.91995287
-0.0726124, -0.5969386, 0.7755156
-0.190781, 0.9647648, -0.0
-0.17042118, 0.27754658, 0.92252094
0.28316638, 0.95095694, -0.0
0.43413553, 0.64724636, -0.23798074
-0.00120987, -0.08670597, 0.9921308
0.08026878, -0.020720057, 0.79598486
-0.22333968, -0.19099793, 0.9263435
-0.5255026, 0.07203432, -0.0
0.74846226, 0.66312927, 0.0
0.040502787, 0.062373076, 0.7921734
0.4514417, 0.882237, 0.0
-0.73324245, -0.3941672, -0.0
0.14622793, -0.0013743117, 0.9883671
-0.55729634, 0.727442, 0.19807278
0.2560131, 0.024265952, 0.7522596
0.084481634, 0.13888216, 0.29251978
0.98127884, 0.15788296, 0.0
-0.6363108, -0.1648862, 0.41413718
0.7319857, 0.14052688, 0.52172637
-0.6810418, -0.7231502, -0.0
0.49695885, 0.09732391, -0.6969423
-0.45776418, 0.86285716, 0.031632192
0.6524087, -0.52080315, 0.46268895
0.14119728, -0.06409347, 0.9799217
-0.9933177, 0.0044884756, 0.011841572
0.16408631, 0.15531513, 0.78468573
-0.50984704, -0.6286882, 0.57722354
0.24838701, -0.40940368, 0.87305075
0.16852881, -0.9762826, -0.0
-0.13557798, -0.68282884, -0.6035879
-0.7902305, 0.58683425, 0.075042784
-0.20335293, 0.26561153, 0.83232594
0.16380395, 0.7423219, 0.49537832
-0.5816823, -0.8130148, 0.013877258
0.91077906, 0.392603, 0.0
-0.10082905, -0.43786943, 0.83633596
0.42132315, 0.5962382, -0.5784886
0.56104183, 0.80144966, -0.0
0.06665997, -0.08706335, 0.9645608
0.026341122, -0.9725552, -0.19758025
-0.88780534, -0.4259489, 0.13818246
-0.0698223, -0.0522389, 0.9951185
0.40151232, -0.15886617, 0.8716602
-0.008710183, -0.95935374, 0.22515154
-0.89049155, -0.23609713, -0.0057253796
0.029690746, -0.78158057, 0.616039
0.022101551, -0.5358868, 0.83764833
0.017640993, 0.17357326, 0.88107175
0.24764109, -0.016507298, -0.81224376
0.7928673, -0.32297456, -0.0
0.41831407, -0.2505017, -0.7163021
-0.42020518, 0.042196125, 0.80631864
0.12630695, -0.096207336, 0.9698561
0.7452386, 0.5708651, 0.0
0.6115866, -0.19450806, 0.7429537
0.5628126, 0.67616594, -0.24901477
-0.0552082, 0.4555463, 0.8603156
-0.08452773, -0.082991585, -0.072671086
-0.95758784, -0.15887609, -0.17898469
-0.23744366, 0.37974983, 0.88441455
0.1552708, -0.28687912, -0.94426423
0.4505698, 0.2151687, 0.823454
0.021029001, -0.95931655, 0.2811107
-0.5171586, -0.82153606, -0.025315214
0.45633465, -0.027916297, 0.8187255
-0.17323878, 0.97691727, -0.0
0.10512218, 0.011370774, 0.90520275
0.9735958, -0.1463189, 0.047857367
0.0151093565, -0.8530135, 0.469523
0.6569238, -0.40558723, -0.3988529
